13,2.07588940345589,22.7259112022445
13,2.02748840978823,22.6329826194244
13,1.9813506545024,22.6332077835621
13,2.1777862642071,22.657760120668
13,2.13157309094525,22.6424574525314
13,1.7619750142289,22.727446254483
13,2.08452532660658,22.6415774079976
13,1.90990406224865,22.637993341621
13,1.77355592614674,22.6907890539253
13,1.74388196429645,22.727535068329
13,1.92508359176619,22.7821023628963
13,1.74351713358838,22.6532270111386
14,-32.5401803493137,65.8702023665207
14,-32.809928727341,65.9103211058257
14,-32.7515886862027,65.6879479728886
14,-32.5401803493137,65.8702023665207
14,-32.5092353686075,65.9076420496278
14,-32.6286056800311,65.8488041831492
14,-32.6194772833405,66.0650290865665
14,-32.4327778796493,66.1021926060631
14,-32.7670816632543,65.7679530844395
14,-32.7579204119577,65.7856195603814
14,-32.596582221958,65.9062006856576
14,-32.75443796902,65.7722773440187
14,-32.7333160518049,66.020563829626
14,-32.8117505347581,65.7062329938081
14,-32.6597500364374,65.8901243197005
14,-32.5367267383033,66.2584135037283
14,-32.8561018188189,65.7809496194674
14,-32.6887969561813,65.9647037649406
14,-32.7123326349053,65.9504931553961
14,-32.7300016657188,65.887422724287
14,-32.4848450053024,66.1192942743138
14,-32.8307945785721,65.7918162496663
14,-32.7255299281671,65.8840550600942
14,-32.707642943705,65.8705844269097
14,-32.729309095021,65.8641220303867
14,-32.6801797325648,65.9213657172732
14,-32.590291908178,66.0059783089217
14,-32.553193348007,66.0267241234528
14,-32.5442202799699,66.0233165003289
14,-32.6040132110708,65.9816966901147
14,-32.6469891212163,66.0087017346951
14,-32.6610663547692,65.9444899152978
14,-32.4813031372657,66.112607212726
14,-32.5256723076958,66.0841609352445
14,-32.4548309345673,66.1534146246863
14,-32.7028547819972,65.9027103598677
14,-32.7750061741296,65.787990515464
14,-32.7828217736888,65.8202288744184
14,-32.5519279228109,66.067755575635
14,-32.5886394731884,65.9893246615222
14,-32.5540266666457,66.1354392671245
14,-32.5514541995102,66.1209959631935
14,-32.5253664634749,66.118545351767
14,-32.4955916966817,66.2269882851485
14,-32.4835897597419,66.1592165617761
14,-32.5123386846174,66.166127768836
14,-32.718733461315,65.9394575974462
14,-32.5805271604791,65.9903617141363
14,-32.620594858669,66.0406352596106
14,-32.4431802797086,66.2487076591998
14,-32.8678353529302,65.7777266381602
14,-32.4600778978914,66.2721523391129
14,-32.5416872280921,66.0044365042131
14,-32.5885308637472,66.0015255822642
14,-32.6213850741479,65.9519012879119
14,-32.4390338523415,66.2087373683616
15,-17.7058071109815,41.9407602070738
15,-17.6970810590335,41.8985491114426
15,-17.5945359323248,41.9732412053933
15,-17.6633478610686,41.9448936501821
15,-17.6197880946097,41.9767488835617
15,-17.6154090685438,41.957861620306
15,-17.6306206209577,41.9768261835203
15,-17.5997939688779,41.9954622606924
15,-17.7215495800003,41.8854138127221
15,-17.6760175385027,41.9405474120467
15,-17.6698569397338,41.9183198648212
15,-17.6798660349468,41.9072995673334
15,-17.5683573179619,41.9730545271193
15,-17.6498546590187,41.9381422511982
15,-17.560248733332,41.9707783661303
15,-17.584882943621,41.9343511500722
15,-17.6408275138814,41.9380778145092
15,-17.651731348306,41.928173049903
16,19.3000946809193,52.8861705841813
16,19.4050111230745,52.0828522896338
16,19.4107382339058,52.1904206822743
16,19.4968819176618,52.3565360715124
16,19.4805974628426,52.3377287971163
16,19.6207562798323,52.4770676459386
16,19.5491262519191,52.6469739566194
16,19.4719239982103,52.4542126491368
16,19.4549699284774,52.5141554193501
16,19.4918211767001,52.4752275405512
16,19.7033525194209,52.9748245635671
16,19.5491783156254,52.6647198417634
16,19.430088127338,52.637341854021
16,19.36615116801,52.6630404660259
17,-19.2839152706272,43.1622954754056
17,-19.242722042723,43.2407458217978
17,-19.3423559830673,43.1937810060736
17,-19.3667502819233,43.1906323809209
17,-19.3471536232302,43.1549947433737
17,-19.2922417764087,43.1346268850728
17,-19.2464298375694,43.2274627635418
17,-19.2308179405849,43.2639515295387
17,-19.3369648513524,43.1904139195895
17,-19.2563257793185,43.2319719697572
17,-19.2874362430535,43.174522297719
17,-19.2706290084367,43.2509328649305
17,-19.2581065785508,43.2353125643125
17,-19.2790772834194,43.2066273916927
17,-19.2926973639072,43.195635345846
17,-19.2178245992839,43.31266051372
17,-19.2397544207548,43.2762179825762
17,-19.2171574513456,43.2804892925769
17,-19.295128782376,43.2333654237203
17,-19.2285824351706,43.3227219205867
18,-17.189622530171,42.4229066362632
18,-17.1908239158737,42.3807664173944
18,-17.216938390572,42.3898249640181
18,-17.2049835489403,42.4207971678781
18,-17.2479988970288,42.3379139242722
18,-17.2362877472646,42.3345033212886
18,-17.1753999585015,42.3917488828306
18,-17.221907891671,42.3255279239137
18,-17.1905645000623,42.4173674264313
18,-17.2217820543633,42.3432738663643
18,-17.2814843961023,42.3259505840181
18,-17.235957346389,42.3810864223451
18,-17.2060434741115,42.3986211368968
18,-17.2816182250278,42.30709551985
18,-17.235180543347,42.3633340763533
18,-17.2759109172509,42.3480945727737
19,4.99426092565921,15.3256293977895
19,5.03372702557867,15.2433783836896
19,5.25724587714602,15.6183485173988
19,5.13239460786671,15.6388751833672
19,5.16071561875928,15.4945663304133
19,5.09740883428289,15.5103795136744
19,5.12392053888418,15.5668229839653
19,5.07283028584981,15.2809102600487
19,5.17969408685976,15.6874613436796
19,5.24327557087044,15.5319028801527
19,5.08870107043156,15.5869457095061
19,5.0887763050521,15.6035816358812
19,5.25411517579778,15.5263086344353
19,5.09354157128965,15.4560518716886
19,5.09412100803014,15.3839587828396
19,5.16885908278561,15.4934204889187
19,5.21398298581963,15.661797746107
19,4.95471505416517,15.3901356194802
19,4.96910582168755,15.3689977366072
19,5.06872473719344,15.3740918912408
19,5.18638162605441,15.564322808973
19,5.1001028070132,15.3051867742566
19,5.22610830879613,15.5397438234091
19,5.15483358922345,15.5955195513768
19,5.14745536335959,15.5656075904677
19,5.20392890668666,15.6407704775296
19,5.16210663019709,15.6021412225636
19,5.1794939092953,15.6430988705806
19,5.13317330536543,15.4104003104419
19,5.02822795472149,15.4286203308278
19,5.17910857300856,15.5577011182224
19,5.0427995907563,15.4474087805962
19,4.98125843350589,15.2535978760179
19,5.18050899951154,15.4667498990968
19,5.0596757776814,15.3752419204772
19,5.14672027102188,15.6033197771274
19,5.10335044902354,15.4227349999775
19,5.14456012865237,15.7264379081782
19,5.15270235273551,15.5245477805077
19,5.17952393580484,15.6497532413569
19,5.13072917120688,15.671046156968
19,5.04146237912728,15.3520335944691
19,5.1333386293301,15.4469993384825
20,-1.88282340647076,19.1803057656484
20,-1.8066254962887,19.2131744290697
20,-1.86135030558991,19.1336094047949
20,-1.72061304238456,19.0485714989575
20,-1.87489029632718,19.1403359214067
20,-1.83922365616111,19.2100200585551
20,-1.82440215137642,19.2742693902347
20,-1.82178820510715,19.0845989199104
20,-1.74823429507524,19.1307913470087
20,-1.86069667944399,19.2567163720801
20,-1.85667210973112,19.162421244666
20,-1.87512970931397,19.2656658412437
20,-1.7658763261874,19.0465930041731
20,-1.90849124372675,19.289134259929
20,-1.78829632536747,19.0855304176654
20,-1.78810230974149,19.122129779791
20,-1.72846472912596,19.1040681934636
20,-1.71317909266922,19.0851325351768
20,-1.68689224713272,19.0927571660434
20,-1.78055644639564,19.1797631278723
20,-1.90153998400999,19.2347512587961
20,-1.85041939521983,19.1468606106835
20,-1.79965002246073,19.1632278075735
20,-1.8217636170573,19.2598370519136
20,-1.86230647754454,19.2944344275706
20,-1.8535979072898,19.2300602094484
20,-1.83002639509476,19.2376988292891
20,-1.81414797471405,19.1599773854935
20,-1.83464561717684,19.2199776913407
20,-1.8516289213234,19.2599955409439
20,-1.88053030585981,19.2712400421584
20,-1.86033929329598,19.1535678901994
20,-1.83335347000777,19.1223697752799
20,-1.81433621743211,19.1244870923786
20,-1.76591746070719,19.0388295039288
20,-1.79693496539537,19.1632134115119
20,-1.90039333570818,19.2802183977193
20,-1.86353537563398,19.2334402787969
20,-1.84587663188326,19.150163807027
20,-1.75853032078635,19.0665179316769
20,-1.83473389624961,19.2033416145118
21,0.5712545586864,23.2324669692786
21,0.698138670358283,23.2795195653983
21,0.623235854500963,23.3153878925578
21,0.411881798112125,23.2011079955939
21,0.713488949521619,23.2738968657427
21,0.695330065659306,23.2606789019131
21,0.424995154222299,23.2897700897371
21,0.702102801699832,23.3482641532077
21,0.687562417039182,23.3350280124662
21,0.737751506461354,23.2416108938237
21,0.72178082739719,23.3038010263727
21,0.594746267663839,23.2268030144451
21,0.459719369351049,23.1797930389624
21,0.74173762802477,23.3147918009586
21,0.63712857226911,23.1999709874364
21,0.571539785945264,23.2890299020708
21,0.728023820019618,23.2860239712424
21,0.397526009727269,23.224471871587
21,0.610392730275635,23.279961221667
21,0.591234069927246,23.247893716048
21,0.590172941356723,23.2168441181015
21,0.586588070510479,23.2235168195567
21,0.505291407390672,23.247218211771
21,0.474467723459064,23.2340646616626
21,0.46413589551975,23.1586977122845
21,0.692822638306709,23.3017284010341
21,0.426467701420479,23.2232163053867
21,0.481413142624486,23.1763560853694
21,0.506089593034529,23.2261411783947
21,0.506190407364978,23.2461045663864
21,0.479912148588221,23.2373644661233
22,-1.04826584093668,59.5961443462661
22,-1.45748400144681,58.7132002322539
22,-0.583802420746826,59.1744346486921
22,-2.02668198331754,58.9236693196967
22,-3.23403234862786,58.5919726078003
22,-2.78526032387669,58.6039191182861
22,-2.79269941724528,58.561811395329
22,-2.78526032387669,58.6039191182861
22,-2.79094001737784,58.5540375431334
22,-2.81846895032958,58.4632365073692
22,-2.81731230103603,58.5098153671669
22,-1.97985751493328,59.2528404362393
22,-2.6979130406155,58.5945671303542
22,-2.70235726111702,58.6056831768695
22,-0.93063028083666,59.3526149101504
22,-0.891692438754544,59.3901213792674
22,-1.02958764775452,59.550569623596
22,-1.06792099919659,59.6273050719518
22,-2.05613222376705,59.4761956686573
22,-2.29262659116386,58.397143742511
22,-1.07016245363059,59.2036140861968
22,-1.06727193202963,59.2390922168987
22,-1.07016245363059,59.2036140861968
23,-5.13187489688129,26.9896993742711
23,-5.07068648446602,27.0958270923826
23,-4.77156076190044,27.0641852311315
23,-4.97381796749,26.9566365782521
23,-4.67502884637809,27.3453572618631
23,-4.71229830264201,27.1503620381863
23,-4.71775486066908,27.1448472306151
23,-4.5786927978301,27.2716122759776
23,-4.57921731181233,27.1784489734932
23,-4.56342758602218,27.2526712683006
23,-5.03184306673234,27.0889516059412
23,-4.82759772543167,27.22865222476
23,-4.97277959568065,27.1396359161721
23,-4.65178259103891,27.2986430167379
23,-5.1394004705525,27.0973271381166
23,-4.86718172414508,27.1046545534213
23,-5.00951840892219,27.1986279721512
23,-4.6722253628163,27.201155540281
23,-4.97428592493036,27.1928823584174
23,-5.01457480161404,27.1043812429556
23,-5.09786338901409,27.0871086581377
23,-5.0789946884432,27.0659280127585
23,-4.80827077091037,27.2884355135746
23,-4.98558103941829,27.2739124354636
23,-5.1433835659484,27.0330206815084
23,-5.17880615288526,27.0054943502373
23,-5.22487097037374,27.0146298983181
23,-5.18872101448342,27.0110964583997
23,-5.20853173283575,27.0256279695663
23,-4.72371485179482,27.2103190962058
23,-5.12406038670865,27.091694205225
23,-5.18038711548201,27.0454317854629
23,-5.24471958516899,27.02250696882
23,-5.13113628042571,27.1194625545987
23,-5.21183879178023,27.0799938549758
23,-4.72094588701386,27.2202855634014
23,-4.66592721510166,27.1955744065591
23,-4.74243372025382,27.2581170741827
23,-4.57912364939018,27.1950852765511
23,-4.82770440562308,27.2097977442807
23,-4.63268420148414,27.1576768328641
23,-4.72868912861316,27.290203999856
23,-4.86483951034467,27.1989167086077
23,-4.63941375344712,27.0867309525018
23,-4.68347941652738,27.2899488133551
23,-4.74384742014279,27.3279997799881
23,-4.64303061305487,27.0867513400605
23,-4.9711473810852,27.1085712182275
23,-5.04915551073366,27.0657583933775
23,-4.96777593787987,27.0652963054017
23,-5.18236617494922,27.015496740161
23,-4.9000468965912,27.2090982355247
23,-4.83935233379982,27.2287187412227
23,-4.88698017984617,27.1214035188407
23,-4.69266530515679,27.2644908290128
23,-4.67491294794373,27.2056071890732
23,-4.80800013278751,27.1764126027687
23,-4.96725994707912,27.1562414391907
23,-4.84895934685215,27.1289520853348
23,-4.64813701695588,27.1433453507419
23,-4.88461262626358,27.2201020219247
23,-4.72962463879574,27.2846636702539
23,-4.7624012727681,27.2449204141325
23,-4.75970747661247,27.2415778250322
23,-4.83748744338466,27.2386902909661
24,1.06589704009978,39.8223978162194
24,2.02119128862704,40.1892181610167
24,0.82432388773252,40.4413997882921
24,0.10318664685043,39.9625921005956
24,1.61944151063543,40.1967442759904
24,0.534647070131672,40.8255168322763
24,0.968572469444945,39.5012379886392
24,1.05608589431032,38.9462329430548
24,1.28837316436815,39.7125901021645
24,2.08171834965603,41.4854970863806
24,2.05611529655615,41.4190746253277
24,2.04149724971957,41.3836540689291
24,2.05252608122397,41.4235287642228
24,2.02686275728478,41.3449062177725
24,1.06594153208198,39.8312706529079
24,2.04781104430411,41.3825139594679
24,1.05502876036958,39.8157975259116
24,2.46370426167862,40.5807993861018
24,1.71246930512198,40.7508502586577
24,2.00609698784066,40.9767759954338
24,2.83441464099457,41.8179065270661
24,1.01983973448136,39.4610517743579
24,1.95640868937795,40.7862492801673
24,1.97959296048409,40.7273513400699
24,0.90269897380349,38.9714042539764
25,2.2239761949089,11.6486886199294
25,2.17183108290931,11.542469106005
25,2.18429196655698,11.4969363757302
25,2.25691129517561,11.7161833885359
25,2.23858129961684,11.6719087104616
25,2.34131935199106,11.7512663791133
25,2.18858099729737,11.6344418521998
25,2.27256668608362,11.7693436919586
25,2.09346864101809,11.6337937939763
25,2.24783212149335,11.7117909534979
25,2.21305317616207,11.6376506438786
25,2.18999153973442,11.7386888067499
25,2.05136100248294,11.5430534234713
25,2.08179038698378,11.6538139629825
25,2.17272281586385,11.7265725236563
25,2.2918774920365,11.6417058851938
25,2.05736760523322,11.4742611208856
25,2.1354812026447,11.5182454246227
25,2.24502899597079,11.6940591840702
25,2.0869305987847,11.4064635664714
25,2.1049014225193,11.3764311482548
25,2.16540459168213,11.5247549138754
25,2.29785316831124,11.7536943694986
25,2.15156512624357,11.4726950860987
25,2.15375827410602,11.5514293220569
26,-14.528371587555,46.9520609042807
26,-14.5413440142912,47.1673296925654
26,-14.7808078172798,47.2443850470697
26,-14.7069410654855,47.0952511895052
26,-14.555643061987,47.1873921271376
26,-14.6542939405286,47.0094857033649
26,-14.3624876064816,46.9331882432005
26,-14.6686594721406,47.284659919471
26,-14.4510148234084,47.0502523645558
26,-14.7488140252933,47.1731792627955
26,-14.7534081325835,47.1610096330731
26,-14.6836231490895,47.2071193403956
26,-14.422702391874,46.834879715987
26,-14.4519709078297,46.909393238795
26,-14.6010083283135,47.1499886410953
26,-14.6903416252793,47.2803709468367
26,-14.5235364981322,46.9997227099533
26,-14.5151379233621,47.040705236461
26,-14.5178014616226,46.9142770167389
26,-14.4814121489429,46.9583969530207
26,-14.465586755825,46.8972847080231
26,-14.4157549537996,46.9280035243607
26,-14.6264921149568,46.984894472145
26,-14.5872827814906,47.0456324617825
26,-14.5424473855937,46.8722957480927
26,-14.6567361175584,47.0483235897077
26,-14.6872668848703,47.0696059838552
26,-14.6729906031566,47.0462159560602
26,-14.6599551566281,47.2380151015837
26,-14.7303393875294,47.2362764651231
26,-14.4069435881068,46.8968867784715
27,-0.389619548193819,8.93003927293746
27,1.77492481196951,10.5828258556267
27,1.07983334520477,10.5307953831363
27,1.91089984085539,10.6010168322255
27,0.852159020321677,10.2912575278752
27,0.350921525578189,9.70263115711277
27,0.761153464387869,10.0277503586556
27,1.05084373010945,9.80116320125945
27,0.138142182856565,9.3709822404962
27,-0.0109060119546484,9.81537217712961
27,0.469438105024979,9.12863862244785
27,0.793016717376537,10.4213155359556
27,1.38249484395795,10.5481523908763
27,0.363649974716769,9.71143961667316
27,0.898195709875203,10.4396450545867
27,1.75934581353859,10.5463023008886
27,1.02884608214645,9.38536696871696
27,1.62114007140073,10.0734011506476
27,1.67583217909496,9.95667967168335
27,1.06678734791867,10.4576606924185
27,1.42577189150132,9.5863655112721
27,1.31787721953855,9.93736707600067
27,1.13770671691361,9.77855059521273
27,1.48019500265241,10.3358365609664
27,1.48019500265241,10.3358365609664
27,0.985545336812909,10.15195767943
27,1.22970818484656,10.0620199257452
27,0.135382573378447,8.82643688310217
27,0.0906189805105678,9.11169791349629
27,1.32044215297565,10.2734061675309
27,0.697874735449324,9.33156336664129
27,0.157978100164153,8.815231593973
27,-0.0273760726945475,9.42727677727444
27,-0.0728627803390846,9.39090852814959
27,-0.361772991071048,9.05965926411096
27,0.819035654311243,9.64482783432538
27,0.518552513834205,9.88700387768401
27,0.999405386171828,9.47756701948214
27,0.12330223846127,9.48196573647158
27,0.380606618688209,9.48066494399309
27,1.72547506795899,10.2891610260839
27,1.54774630678946,10.2556506448481
27,1.87767019329272,9.91687581811193
27,0.306557893511083,9.88807193579478
27,0.0542474616790423,8.90781137892837
27,-0.242595149825211,8.79952412238484
27,1.33455108874716,10.0115932344077
27,0.0429242177189444,8.81914231511019
27,0.051855406877934,8.79358808695618
27,0.849857138186286,9.82989070381224
27,0.532490619720309,9.7760255650999
28,9.38551603019627,6.78693253686139
28,9.29759308533877,7.00799068850558
28,9.33243105101358,6.88252593703335
28,9.51390056260343,6.93613980645314
28,9.5414205760113,6.79296029586485
28,9.45831606215402,6.86094680501195
28,9.52694701917173,6.79967272983491
28,9.2843546310807,6.87162937716441
28,9.29499684636894,6.81391511570755
28,9.1735544561905,7.03732808400271
28,9.23464948717889,7.13024207283277
28,9.23464948717889,7.13024207283277
28,9.47616776482674,7.01836200152524
28,9.49007076433487,6.86969171301043
28,9.30584778763162,7.03235675267037
28,9.32324987072853,7.07775811241753
28,9.14922534372879,7.07180767262448
28,9.30438904425781,7.11997865444375
28,9.17733669314638,7.07612998514902
28,9.15313807506935,7.14277188647678
28,9.13599616997119,7.16169548932696
28,9.11437271953042,7.1928370184442
29,9.7464547210196,10.707141997898
29,9.79882765397406,10.8921475638794
29,9.76293296901014,10.7503299083407
29,9.65754177667998,10.8993664209815
29,9.90691469572083,10.9649158228724
29,9.68508634192758,10.7650588277718
29,9.79529270357639,10.9143430424281
29,9.82573802708118,10.8254961663201
29,9.77785153388331,10.8567410094393
29,9.57708404549636,10.7144742733571
29,9.6114714564642,10.7054638334326
29,9.63242193395208,10.7342156881746
29,9.57708404549636,10.7144742733571
29,9.82743044754775,10.7955445614676
29,9.64162271022174,10.7696690515359
29,9.79386135693808,11.0097287084158
29,9.6722001468208,10.7140931999423
29,9.73235509843804,10.8059054483995
29,9.88400396602071,10.8984627782055
29,9.76116709934949,10.988786828571
29,9.45821896609053,10.6661528710802
29,9.60149356401461,10.7021766217053
29,9.74150225935853,10.8280502975611
29,9.70282534860721,10.8969671290787
29,9.83068701278715,10.9308380142748
30,-17.7153730758834,44.7692380640637
30,-17.7159046014803,44.6949266352369
30,-17.686259128294,44.6758585416786
30,-17.7471190830871,44.6208347280775
30,-17.7705242192249,44.7552133423854
30,-17.7137883913282,44.864616440462
30,-17.7220014992612,44.59958055809
30,-17.7461904544102,44.7506024409728
30,-17.7305873358371,44.787093823385
30,-17.7149764093573,44.8246943596257
30,-17.7460555232627,44.7694575808435
30,-17.7017274143077,44.6582222228963
30,-17.7016005136897,44.6759682338331
30,-17.7535472914531,44.6053521763673
30,-17.709730355998,44.6749171912544
30,-17.7175170585365,44.8480053701266
30,-17.7219894711478,44.8535832769913
31,-1.4677219262757,51.3772501516589
31,-1.44910422791692,51.3172566299438
31,-1.45270526494342,51.3183849426503
31,-1.42452742578561,51.3603830428859
31,-1.61274031527102,51.4079703188916
31,-1.59748793013842,51.3934698699685
31,-1.61441350593412,51.4323807095289
31,-1.53983653814031,51.3820708396426
31,-1.64231358993653,51.4425121102054
31,-1.60742468342843,51.3901954302941
31,-1.40755960830313,51.3292364600692
31,-1.5975116049379,51.389033367767
31,-1.54443976855808,51.3643488631062
31,-1.66052582498378,51.4093346911273
31,-1.61370716883341,51.3957747511021
31,-1.52818499611749,51.368698863348
31,-1.54897206667165,51.3599363947627
31,-1.59045164991374,51.3601576117012
31,-1.53512101883627,51.4208662042324
31,-1.47851905000623,51.3817442436819
31,-1.61550470076274,51.396893504078
32,10.5651227156493,9.94641803467181
32,10.7513318613046,10.0721273327512
32,10.267048018395,10.4034121351526
32,10.262813557855,10.248159340289
32,10.2455269711456,10.2293732204204
32,10.3337058891957,10.0759753075019
32,10.5414920222488,10.3912460365393
32,10.5872000865262,10.2646341021857
32,10.4144815303587,10.1133668194157
32,10.3656561050055,10.3686436689948
32,10.2382077231644,10.4412339408388
32,10.7399679065896,10.178641807965
32,10.5316806834295,9.96651171645569
32,10.5833343284256,10.2025414241096
32,10.2614249911892,10.3557443499146
32,10.7566341050306,10.0377257084553
32,10.7491069649616,9.96566559766745
32,10.2835155499174,10.4443828714695
32,10.5550588825806,10.3856477571558
32,10.6292893831102,9.90624163186643
32,10.5062748960465,10.1884242814975
32,10.541571161854,10.1794139191522
32,10.7857692779309,9.84130804818263
32,10.6508079271894,10.0813903860021
32,10.4546547922856,10.1930623708083
32,10.3651504763043,10.4706798661742
32,10.3762473530375,10.5283078578496
32,10.3699333133467,10.304300982411
32,10.4517070324371,10.134293354684
32,10.4449674706625,10.2640805736608
32,10.8125958146362,9.75026073453622
32,10.8391004988595,9.81004770184355
32,10.3839263422188,10.4073893774147
32,10.2442302865199,10.3602482898389
33,-1.02592220617057,20.3614258039799
33,-0.862539622407872,20.2829376424127
33,-0.996630110655853,20.4256010177694
33,-0.954339354861819,20.2057781681763
33,-1.00631526148948,20.303650153378
33,-0.907398117982841,20.3574808833757
33,-0.97106200218451,20.4698318718756
33,-0.940746441413183,20.3831638714215
33,-0.927173032373947,20.383093191863
33,-1.03804270332865,20.1197045479431
33,-0.859715003869089,20.478125107225
33,-0.876250947391905,20.430519652287
33,-0.861196089811565,20.5413516981513
33,-0.98279936920118,20.3013093377068
33,-1.02891248323646,20.1351843491616
33,-0.963105326567485,20.2601698865639
33,-0.950016982334317,20.1669370493479
33,-0.875374898081354,20.4249695800142
33,-0.871576546669647,20.4593320275126
33,-0.830643460242951,20.5001560763037
33,-0.889731966903026,20.4483354270216
33,-0.971090119328233,20.1171372048291
33,-0.967418425463838,20.1270999986758
33,-0.923976490785368,20.1279828521749
33,-0.965412111131183,20.164799044454
33,-0.966852090743021,20.2357891407711
33,-0.966669530985295,20.0971503190305
33,-0.963215119226777,20.2390974997487
33,-0.906425189886824,20.1966558798817
33,-0.97204457681143,20.2812894268651
33,-0.981307511112536,20.2403008871675
33,-0.85897733249492,20.445957277575
33,-0.882619783869188,20.42389815812
34,11.8195979393443,4.3231161860507
34,12.0601336247814,3.91852101593139
34,11.9256274276212,3.82918964404753
34,12.092435348512,3.82856737462198
34,11.9849187165685,4.16944781739917
34,11.9661011639016,4.22829799855733
34,12.0961235039234,3.84518946154369
34,12.0656990443811,4.19576389444433
34,11.9952382791427,4.0196869251295
34,12.0254746081994,3.61920560329873
34,11.7612058209706,4.22352051070798
34,12.1005903054553,3.82742797875777
34,12.1285495339267,3.78850712104468
34,12.0070730227036,4.03295141640352
34,12.137215469585,3.68089669629792
34,12.076540687185,3.69886722617783
34,12.1684337472068,4.03124179393752
34,11.8811298456534,4.0511670632069
34,12.1517866538572,3.6985874217567
34,12.1668567363825,3.60648000982217
34,11.8675933574285,4.30962756167492
34,12.1673384706607,3.7362374972417
34,12.1819271432686,3.51437263839226
34,12.2734076342678,3.735844331434
34,12.1070105108857,3.84736706859432
34,11.9119605839342,4.0532697632187
34,11.9302116986676,4.08536407796713
34,11.930037510658,4.03878443521587
35,11.7491005028601,50.1977283344385
35,11.4632616074686,49.9758885012856
35,11.7517933126921,50.1943906559232
35,11.9073729728938,50.3158027101466
35,11.8108201018297,50.0643970062356
35,11.7691525160432,50.2531084453263
35,11.8099505038949,50.309518649695
35,11.6224021263995,49.8477270177859
35,11.7697411989887,50.171030371089
35,11.482650178056,49.8582458098377
35,11.6518438054621,49.9995654058978
35,11.6010761120824,49.9309936963394
35,11.5505589104033,49.9278601384507
35,11.5670351286103,49.9910174476504
35,11.7713920458998,50.3673405971234
35,11.5343338610083,49.9301407225151
35,11.6381022943553,50.1792975385017
35,11.705570646662,50.1346740575833
35,11.6472198516723,49.9696365300431
35,11.6316789434354,50.1504846884594
35,11.7802917873695,50.3362509202431
35,11.6864622433453,50.0903818121874
35,11.5564427781857,50.0509512798842
35,11.7844751930213,50.2508317285138
35,11.7026955130855,50.0903197391252
35,11.8095390101774,50.4381796494839
35,11.6443939315542,50.1737277769614
35,11.7660700083159,50.3906526997471
35,11.72229965126,50.264378669057
35,11.7116006221548,50.2965844126162
35,11.4769090247665,50.0068916896754
35,11.7109774702155,50.1335442582243
35,11.827625959401,50.4514203327131
35,11.720245143382,49.9627024210296
35,11.4985706560847,50.0112448841599
35,11.9891973188312,50.4896260187216
35,11.5075593702338,50.0034463884407
35,11.7693090966733,50.294145765821
35,11.7215961888472,50.0802653101361
35,11.9427420268797,50.367797622758
35,11.6743902467069,49.9994791144133
35,11.9507321301437,50.3344933123095
35,12.0212843456669,50.3896824839739
35,12.0375380501455,50.3951666087764
35,11.7033132888989,50.0160054908609
35,12.054056098147,50.4705251294957
35,11.8300103372143,50.3671171378293
35,11.7611249231654,50.2764308698517
35,12.0023125586692,50.3808812896707
35,11.9138332305918,50.3545978127578
35,11.9047770854384,50.3446500281435
35,11.5863442141988,49.8523017849685
35,11.9043386490091,49.991947543079
35,11.7364701769736,49.9604221794796
35,11.9361128195595,50.521992273116
35,11.9354095593429,50.3367697406826
35,11.830521434104,50.0277205841038
35,11.9854975815986,50.4652391194515
35,11.7886639665561,49.9302764386893
35,11.7795184170653,49.8970373459435
36,-18.5824767544842,41.8039833109528
36,-18.6831815164509,41.9844005882959
36,-18.5986455217042,41.8151922506019
36,-18.5940193762701,41.8306872500866
36,-18.6960046042607,41.9589824898872
36,-18.6818603344077,42.0420683856034
36,-18.572490496999,41.8116752351685
36,-18.6660380483216,41.9831670348505
36,-18.6220222685591,41.9528999943431
36,-18.5797955545933,41.9248645008658
36,-18.6234658938002,42.0028235696373
36,-18.5938506206478,41.8539788058498
36,-18.5934488180815,41.9094348942721
36,-18.6687381366036,41.9842958017043
36,-18.5190529177215,41.8356903097462
36,-18.6380459549515,41.9840732086976
36,-18.6238678974666,41.9473674721899
36,-18.6646027024459,41.9321343288831
36,-18.6700592307445,41.9266280085454
36,-18.6637080308682,41.9310186590943
36,-18.6369562340861,41.8853482699012
36,-18.6530282593176,41.9098667759937
36,-18.6323702590255,41.8952976422328
36,-18.6305567777252,41.8963936750884
36,-18.5461106148405,41.8392137032622
36,-18.6675296892936,42.0264358906867
36,-18.6352654471532,41.9940356711
37,-17.2680633905454,49.2948535179952
37,-17.2971098623406,49.3959963919381
37,-17.3687601803184,49.4674946982986
37,-17.2585626273861,49.3624464888163
37,-17.243455107084,49.2037250224678
37,-17.3167080187106,49.4305207520658
37,-17.3152120329763,49.3872517131618
37,-17.3075602142106,49.321755076305
37,-17.2838307155655,49.2339602758307
37,-17.2189127343061,49.2301711032353
37,-17.200967949323,49.2167333231932
37,-17.3807304499697,49.4331951069483
37,-17.2656993708827,49.3735891390853
37,-17.1909044717271,49.2366272289036
37,-17.2097906025629,49.244525733768
37,-17.3317410196711,49.4727769818874
37,-17.2103738202265,49.1624499023296
37,-17.3622952293949,49.3620756276655
37,-17.3102660885894,49.3217743349411
37,-17.2176875873861,49.2756391438707
37,-17.2617286952313,49.4245836074362
37,-17.187540838684,49.2022184814638
38,6.28126812076737,14.3860424993383
38,6.07211233167595,14.5954696811913
38,6.06510865864862,14.4446655539139
38,5.84004954783601,14.7417859115209
38,6.12593109886453,14.6850680482173
38,6.05077733911539,14.6853993861158
38,6.02007897452463,14.5003183473051
38,5.93422961680789,14.539515732083
38,6.1019490536988,14.5853564067613
38,5.83739221530739,14.7551066832659
38,6.14022050421243,14.4343528210311
38,5.87647448412533,14.7882058104086
38,5.92435075435875,14.7624848370561
38,6.10209079943353,14.617519134108
38,6.18244871769688,14.5650385416048
38,5.9693196386458,14.6935228034435
38,5.96116063146089,14.6913407248012
38,6.16675791761733,14.4974536306825
38,5.92290517072845,14.6404922652417
38,6.13821420107235,14.3899984251549
38,6.22291266719427,14.5005339846928
38,6.11429347546969,14.5098845042814
38,5.88623299630627,14.7426902077817
38,6.11071062879456,14.5187729372513
38,6.03481155051291,14.5557073520166
38,6.0056656873069,14.7221982663227
38,5.91495728458511,14.6859997985652
38,6.24636764073104,14.4804675156996
38,6.0056656873069,14.7221982663227
38,6.26061205456592,14.424950953424
38,6.2462069442441,14.4438685602495
38,6.11217955561512,14.4411308033881
38,5.98805501239508,14.6302223326769
38,5.97176140838367,14.6314034463926
38,5.8738957770071,14.81927153238
38,6.20609235077741,14.3819362679818
39,-19.1836946804572,44.2762923759278
39,-19.1626374780009,44.3171781712063
39,-19.0561375397123,44.3175088696261
39,-19.1569529990772,44.2306201119544
39,-19.1523107866652,44.2483331237645
39,-19.1333992524399,44.2426488894043
39,-19.1934027481308,44.3063114394844
39,-19.1483378032173,44.4213370265048
39,-19.1763108985775,44.175302459626
39,-19.0597587503404,44.4395457227468
39,-19.1775980663766,44.3694193623671
39,-19.1478876180088,44.2360997314183
39,-19.1744410010896,44.1841622614795
39,-19.2522417487181,44.1592205869355
39,-19.1344558297354,44.2215820920728
39,-19.1516049795455,44.344827108176
39,-19.2089790885138,44.1511394713633
39,-19.0870595045334,44.4086879829103
39,-19.0714421197561,44.4462861844054
39,-19.0947277456844,44.4708584200251
39,-19.1028660764291,44.4686995308474
39,-19.1235473047202,44.3557137783966
39,-19.0735792702591,44.4008251883159
39,-19.0755057497597,44.3842014797921
39,-19.126408795464,44.3346601738338
39,-19.1476543772536,44.391384011772
39,-19.0546194141391,44.4017958757197
40,-1.60826235232136,24.0367386509399
40,-1.80608449846681,23.9180032387744
40,-1.86385676376807,23.9404925083211
40,-1.79561042760091,24.0166584901107
40,-1.76974023371906,23.7780623150389
40,-1.62912506048963,24.0257579204151
40,-1.87915527116664,23.7852983429064
40,-1.67525576704519,24.0260021550343
40,-1.71337511122576,24.0018037150009
40,-1.97704158607178,23.9189129319689
40,-1.74721913356922,23.9310000975998
40,-1.75089022371173,23.9210375757194
40,-1.9501832560412,23.866641570962
40,-1.77830885234557,23.8679457628406
40,-1.76751323378953,23.8567973550246
40,-1.89983593402145,23.808699707868
40,-1.86514468320046,23.8684071410396
40,-1.8852746878551,23.8252588898176
40,-1.86885132271692,23.8517901897831
40,-1.97639716498711,23.7004146136181
40,-1.90072277243546,23.8120317604002
40,-1.9126176586565,23.7865855216049
40,-1.9718980240387,23.6959541892326
40,-1.67859184804483,24.0792571507674
40,-1.68891764585988,24.0083287585727
40,-1.68898816340585,23.9950198020358
40,-1.96301822025375,23.8345457383273
41,-19.9685592789928,42.4929535936411
41,-20.0961612884112,42.571542074786
41,-20.3017330248068,42.8470382073158
41,-20.316664888315,42.90260864839
41,-20.1084116985651,42.6237646566979
41,-20.0578040536175,42.7531640291428
41,-20.0207492797899,42.5155237924471
41,-20.1240667600601,42.7037421642197
41,-20.1698625299609,42.7362485099998
41,-20.2434290043762,42.9187016386348
41,-20.2729115809658,42.717049018695
41,-20.3179031747497,42.7362399323899
41,-20.1819639617714,42.8084354598993
41,-19.9877361360748,42.5851579171591
41,-20.1075888436268,42.7346770929629
41,-20.0611697735028,42.6644541547033
41,-19.9448520712783,42.5249444837887
41,-20.0541130581435,42.6422181373499
41,-20.0919807664595,42.7700552453916
41,-20.178753561248,42.8760719534019
41,-20.0178757473304,42.6596965550906
42,-33.7571829884803,68.2915530269397
42,-33.6876178226861,68.4195996298278
42,-33.8748969183725,68.3136943374178
42,-33.6699162583539,68.4859959391956
42,-33.7778408429445,68.3960112614809
42,-33.7630419181618,68.340413900469
42,-33.7328395611121,68.39560435304
42,-33.7625404069144,68.395872886633
42,-33.8528743496363,68.360084306275
42,-33.6713656218573,68.5248334935568
42,-33.7155063202148,68.5207952430141
42,-33.7438379281096,68.4733527140049
42,-33.744208968809,68.4323130597342
42,-33.7684822296481,68.3360260166042
42,-33.6460765434053,68.4347542065014
42,-33.6364754542886,68.5012237269557
42,-33.6544857630138,68.5002770881238
42,-33.655095282365,68.5324514321405
42,-33.5929744789084,68.5341091737421
42,-33.6207847089102,68.544343609917
42,-33.6098944845242,68.5542287404039
42,-33.8249968892668,68.2577790820231
42,-33.7733936745031,68.2905903494954
43,-19.3213848024098,45.5606305675758
43,-19.4066208981749,45.5046877318975
43,-19.4003696117559,45.4957683035452
43,-19.3067113293138,45.5926893811915
43,-19.3428713625631,45.4609612999675
43,-19.3656241951147,45.5576276891488
43,-19.2432709848909,45.6299366560774
43,-19.3046713929252,45.5017209904571
43,-19.3863066511093,45.4446423553363
43,-19.4186122577133,45.4692818055511
43,-19.4004510838134,45.4846770189963
43,-19.2994356427628,45.6004003329743
43,-19.3926394503734,45.4424704885413
43,-19.3265557065025,45.4708242671136
43,-19.2981102944131,45.6580684021586
43,-19.2947124417179,45.6292045863541
43,-19.2929647018065,45.6214274510047
43,-19.3170349426594,45.6615347884176
43,-19.3091173233583,45.6337469958421
43,-19.3173604282019,45.6171696430529
43,-19.3101661136824,45.6137893002299
44,-19.616479944109,45.0692116415384
44,-19.502280238675,45.1360312974271
44,-19.5851329606484,45.0368142454624
44,-19.5844549087271,45.1288718636152
44,-19.761633442816,44.9660187681555
44,-19.6493669205735,45.0151038275091
44,-19.7339962478826,45.0423487001858
44,-19.4274063272527,45.1321532581504
44,-19.6851824196326,44.9310696543641
44,-19.5176453501965,45.1328167769639
44,-19.7144135708876,45.0056009404184
44,-19.5010710486337,45.0550516858608
44,-19.4520072902658,45.1001676088339
44,-19.4393574791075,45.1022930109892
44,-19.4515695876298,45.0369406915708
44,-19.6673004573596,45.0307646989883
44,-19.4464461936285,45.1200921137203
44,-19.6598903725325,44.9342106871651
44,-19.648003671382,44.9551976192063
44,-19.6662399646608,44.929820757011
44,-19.6553374296527,44.9397230566409
44,-19.6671914513491,44.9231726453565
44,-19.5385962521694,45.1063504461143
44,-19.5428181190597,45.0231924247043
44,-19.5645492548489,45.0133697144859
44,-19.4892011991713,45.0738205726077
44,-19.5069064228712,45.1205366986156
45,-30.8821594973147,58.6743213583292
45,-31.1391358677812,58.7586413305597
45,-30.9105440732908,58.6224334565229
45,-30.8886064918155,58.7620076775835
45,-30.752884285976,58.930544116497
45,-30.7911661201622,58.6724222325296
45,-30.9292438868544,58.6481085819332
45,-31.020716603985,58.4913913100525
45,-31.1798458123775,58.7401390526439
45,-31.008882224473,58.9194568805224
45,-30.7356884827334,58.9392689695936
45,-31.0239636572184,58.5324616146539
45,-30.7488378817606,58.9815342753488
45,-31.1326817019052,58.6720639477558
45,-31.2675243980333,58.6055760703278
45,-31.3397328586055,58.4886266711433
45,-31.2814267432695,58.4581677940628
45,-30.858690138828,58.7828234969848
45,-31.2207397927844,58.7005628991206
45,-31.2287695027215,58.5031872715
45,-30.8040173437598,58.7490715867579
45,-30.9839901533962,58.5698281881232
45,-30.872045991251,58.6975276531773
45,-31.3638961268484,58.5076950058709
45,-31.0950101494666,58.5486095477538
45,-30.7666748552919,59.0027646152717
45,-30.8219141908665,58.9710758148548
45,-30.8154339882308,58.9909859760804
45,-31.0285204680155,58.6301148059526
45,-31.1354481693621,58.4580037578903
45,-31.2957271995934,58.4716036035954
45,-31.176275522811,58.4261915205973
45,-30.7994990151816,58.8544106006953
45,-30.8384112485275,58.9390509227677
45,-30.720128462834,59.0711341760014
45,-31.0650123556506,58.4751381727969
45,-31.2816506671184,58.7421366212415
45,-30.9500144421164,58.8501716789873
45,-31.3425031898062,58.6872058694898
45,-30.7596465229481,58.7741993038035
46,-18.6341231595998,47.6231417438975
46,-18.5855769815788,47.5994962638966
46,-18.6413563464216,47.6209759073588
46,-18.6333902091419,47.599843432527
46,-18.6610098615715,47.6477392639862
46,-18.5928665333785,47.5895664684116
46,-18.6584727182647,47.6244278375083
46,-18.5676388790644,47.5849466177975
46,-18.618964081573,47.598629468224
46,-18.6468255583358,47.6132513112528
46,-18.6639903047058,47.6100484634973
46,-18.6072121481309,47.6018717028121
46,-18.6539620487576,47.6243950616424
46,-18.6405831284917,47.6032232519272
46,-18.6405347849366,47.609878040059
47,-7.34416720222076,23.4056767866844
47,-7.26908597039233,23.4052315465529
47,-7.28793120854802,23.4308530325629
47,-7.08630577220797,23.4130232609627
47,-7.3258747214817,23.2868922702763
47,-7.36907848329918,23.323749666559
47,-7.50700682743476,23.1005270755435
47,-7.32949314250861,23.2869137356565
47,-7.46414826208894,23.4618456944004
47,-7.13318067901314,23.4410282218275
47,-7.10155327135237,23.5883544488209
47,-7.52717932113993,23.0551731932033
47,-7.28202765132859,23.6637335671424
47,-7.39016756739095,23.2761826776946
47,-7.05665186183609,23.5326332577779
47,-7.26821184115775,23.5527395157311
47,-7.26886908383475,23.441831265178
47,-7.43616923389322,23.1466888170056
47,-7.34581257007975,23.1284062432894
47,-7.4965807471819,23.1803217615979
47,-7.46564569014939,23.2100839960701
47,-7.48283994047,23.2090771564189
47,-7.53483882995677,23.1361846618648
47,-7.45201054422878,23.2210941234059
47,-7.16385082546662,23.6086868676129
47,-7.28530677990592,23.5683685404505
47,-7.16427719564189,23.5365965012424
47,-7.55806161822303,23.1862334585739
47,-7.3016680779687,23.5551560861934
47,-7.27321701218491,23.3187445713063
47,-7.42123396016745,23.2242385393889
47,-7.54725247466133,23.1784052136485
47,-7.15759803257859,23.4422816989245
47,-7.06852925547934,23.5127391894353
47,-7.11609854912438,23.5762400512057
47,-7.34719401227328,23.2005073097395
47,-7.04518028254731,23.4837642340194
47,-7.26872686270095,23.3131723572775
47,-7.3327496593853,23.3479347262289
48,-0.317498265723756,18.7506709129531
48,-0.384681875956594,18.8863263079808
48,-0.256404270058963,18.8390853446736
48,-0.402891205490741,18.8653470800878
48,-0.357731288194191,18.6710224504266
48,-0.463241414171294,18.7458750105361
48,-0.384620959033025,18.7221792605757
48,-0.359028395757079,18.7708480598619
48,-0.444092377684196,18.77350387563
48,-0.298765156304289,18.873684770993
48,-0.269046946975344,19.0210425160178
48,-0.433040311710618,18.634809537027
48,-0.280903419118666,19.0033577532098
48,-0.311526927401486,18.8560046962113
48,-0.476805885920883,18.748163096847
48,-0.47284631028329,18.6383418403217
48,-0.227004977967881,18.924335276383
48,-0.329343057500606,18.9115511716451
48,-0.472714880715706,18.6638504507714
48,-0.445605507441098,18.8311848500455
48,-0.475612955299323,18.6283742005322
49,-19.1157767313111,47.1452647458771
49,-19.1701032444219,47.2421620187713
49,-19.1494912930407,47.2231548467032
49,-19.1086336998221,47.2583499060846
49,-19.1333008400417,47.2163811828159
49,-19.1080007036995,47.3448621422476
49,-19.1062612987573,47.3359758899761
49,-19.1176473038463,47.2595250517321
49,-19.126001082716,47.1042995233294
49,-19.1270191906701,47.3350186027554
49,-19.1531169844581,47.3440831786594
49,-19.1531169844581,47.3440831786594
49,-19.1114944119679,47.2372962176898
49,-19.1559209314563,47.330793420082
49,-19.1282541868504,47.2895508238301
49,-19.127660489117,47.2473972354839
50,-0.098835871819465,22.9253215150423
50,-0.1686753861662,23.066535690825
50,-0.080564135005814,23.1370672996272
50,-0.158064332863083,23.0187897373908
50,-0.143249442694068,23.0852602099683
50,-0.130725256382604,22.8811205275552
50,-0.126907928054105,22.9199196896995
50,-0.140735703324433,23.2227765338561
50,-0.182449395708856,23.0266784736626
50,-0.110669920227258,22.9109637063555
50,-0.127456316144613,23.1661440846678
50,-0.107588967173302,23.1593877238748
50,-0.109140794276609,23.0329575492376
50,-0.168487788335944,23.1031352402852
50,-0.120285880697542,22.9764501922731
50,-0.109140794276609,23.0329575492376
50,-0.164021549981378,23.092021284699
50,-0.123149077693175,23.1239759838716
50,-0.133149490309355,22.9376973501765
50,-0.146186055836559,23.2183680301844
50,-0.164300881461182,23.2140244315751
50,-0.169750551594363,23.0332680116938
50,-0.157348220466985,23.1585334716858
50,-0.159066501335939,23.1762879815307
50,-0.138334356940817,23.1617633739999
51,11.1595333675086,3.81988790140441
51,11.3586318910822,3.48973921490554
51,11.3059366568624,3.69844204299059
51,11.1704800241061,3.83759091623686
51,11.1593976040391,3.78439865265368
51,11.0911147141596,3.94547316849185
51,11.4108988551401,3.40636153394915
51,11.5171148745638,3.68322245895676
51,11.3814060689175,3.7569348068838
51,11.4260359538894,3.57266222659079
51,11.0488387086416,4.03214167206502
51,11.3901051909981,3.66041398402443
51,11.3920447630367,3.69367825636081
51,11.3094953898094,3.68068361096457
51,11.3903285232162,3.71919303676859
51,11.1040996983456,4.02194824139681
51,11.071519346281,4.03649087215867
51,11.434384644578,3.6225379977664
51,11.3249084334729,3.91907175193215
51,11.2970671898475,3.98793921978632
52,-11.0951874349334,8.34584501839802
52,-10.8560321269081,8.33435361126205
52,-11.353263963689,8.0890597052183
52,-11.112888067637,8.26942879583919
52,-11.2403169379111,8.18039847397758
52,-11.0997110670884,8.34698273626575
52,-11.103819678825,8.27048052980704
52,-11.2283612557195,8.20805028091324
52,-11.1910688346399,8.22999602239486
52,-11.2614186066698,8.13949544124817
52,-11.3071675945386,8.21298665739829
52,-11.2654090544286,8.08184732891992
52,-11.2617492533078,8.08736963478103
52,-11.0648154078259,8.4199629549617
52,-11.0293202470385,8.30106447969144
52,-10.8139954026563,8.24646976749692
52,-10.8649655567044,8.49855726271495
52,-10.9497169326902,8.42256337570632
52,-10.8403817648232,8.51725719682686
52,-10.980045984644,8.35509941840684
52,-11.2044716738377,8.11695230808714
52,-11.2727145974439,8.07302084097127
52,-10.8977464368013,8.473254434756
52,-11.0335636214495,8.34656455943733
52,-11.0920328811167,8.27151507975347
52,-10.906016117,8.31137738238275
52,-10.9405297912222,8.44246929365397
52,-11.0579291436608,8.21917156108888
52,-10.8677419557691,8.3455184086184
52,-11.0666540322952,8.27246370951226
52,-11.0270945993929,8.36648756500706
52,-11.0187643160059,8.3941625479823
53,-11.5316049356755,34.408675379144
53,-11.5103634495432,34.3397715667281
53,-11.5908305388775,34.3314158789543
53,-11.6041861261164,34.2216960365083
53,-11.6862754897462,34.2421895308388
53,-11.6053291204671,34.324854303529
53,-11.646607529334,34.2286241073962
53,-11.6618525882173,34.2464687223029
53,-11.6325159062243,34.1719667167244
53,-11.7368424821388,34.2469522518688
53,-11.7075064285444,34.1724499897761
53,-11.6462574336187,34.2829701839592
53,-11.6350798203944,34.3350282203616
53,-11.5625300216404,34.3767089200462
53,-11.4791534623252,34.4161023540669
53,-11.5938693533182,34.2804145556088
53,-11.6313444526762,34.3538597078589
53,-11.46570817322,34.3993787578205
53,-11.6806114607237,34.2798641102724
53,-11.54880664335,34.4032402428021
53,-11.7169727960447,34.2457149218502
53,-11.602611527193,34.3259459591648
53,-11.7062596228012,34.2256811339697
53,-11.4800854347655,34.4116717425203
53,-11.674001099951,34.3241874940684
54,-35.6088850347922,66.6190663467562
54,-35.521589462442,66.3231927995752
54,-35.4298662497251,66.5064852213175
54,-35.3394963458119,66.5433670382984
54,-35.5802034933416,66.507873792869
54,-35.9165441747709,66.2569659217214
54,-35.3309354387449,66.7884374008407
54,-35.4448123793316,66.4478316970505
54,-35.5777958757115,66.6709147261092
54,-35.880832074077,66.4185884967139
54,-35.8672824338849,66.3263930365755
54,-35.761789666839,66.3431633720645
54,-35.6117880430017,66.3051688505593
54,-35.8523281106691,66.2885390041601
54,-35.5188638690945,66.6182342416388
54,-35.2927891361186,66.7270758755165
54,-35.7157505322216,66.4536642857487
54,-35.6862072593642,66.4356423801286
54,-35.6405184413528,66.508431610324
54,-35.7451087323881,66.491651508518
54,-35.4142653534045,66.6361261943495
54,-35.6260662215324,66.4162282240349
54,-35.7179690767903,66.2140817668187
54,-35.8371885040735,66.2706502116616
54,-35.7320817358731,66.3428881724444
54,-35.987365038086,66.2897925642957
54,-35.2846669007353,66.7292195960614
54,-35.7970635399648,66.325741883392
54,-35.7471557909898,66.4650479012467
54,-35.3917599868727,66.7335345991566
55,-30.2623701893011,65.4442485124134
55,-30.3178062328863,65.5933674437655
55,-30.318275877278,65.539018031084
55,-30.2862478041659,65.4943711571842
55,-30.309857323665,65.4712807719968
55,-30.3543267768281,65.5348926083786
55,-30.3851566553738,65.6139162811544
55,-30.3780309460638,65.6049806155753
55,-30.3791422855298,65.5805866222419
55,-30.3975882318262,65.6339903982184
55,-30.3559356183831,65.5570916092652
55,-30.4010551127582,65.6495499577112
55,-30.3430253710995,65.48820622333
55,-30.3089857525205,65.4679454787201
55,-30.3284381417039,65.509155979977
55,-30.3047716236957,65.4346314420085
55,-30.3417127927003,65.5358928208398
55,-30.3343377226889,65.555795656628
55,-30.2790166477833,65.3933665719288
55,-30.2789208567936,65.404458285646
55,-30.3678877934872,65.6326242707144
55,-30.3897157480473,65.6073001850848
55,-30.3518261566662,65.6158465783536
56,8.2925796472549,20.2944005945083
56,8.66260818283469,20.2751202521324
56,8.03882281310903,20.2034078649324
56,8.08732034162967,20.1155865294528
56,7.72351492095704,20.537463431437
56,8.51844478833769,20.2069530519559
56,7.88569033062563,20.3704151334749
56,8.24702939077769,20.2213908502343
56,7.87116307769396,20.5734395221327
56,8.00557434276328,20.2590018665055
56,7.87565490300744,20.1364399007536
56,8.48427925704094,20.2603308528126
56,8.70545378286811,20.3514704972492
56,8.65811117116164,20.2817933342848
56,8.64212992581207,20.3561681323992
56,8.67162053215964,20.2662103661066
56,7.82775415318378,20.3651140773366
56,8.02670833025174,20.3354401530009
56,8.06212467662565,20.3652368792449
56,8.65118165709992,20.137640684044
56,7.85310504131817,20.3683343610219
56,7.83939600236446,20.3362286499655
56,8.50262547768594,20.3201454779976
56,7.82589287535206,20.3529219655832
57,-31.3167244510212,68.2199099054653
57,-31.3763364581939,68.2991901208567
57,-31.4646912590493,68.1801650586301
57,-31.4278913346187,68.2708015766135
57,-31.3957770607811,68.1351897879336
57,-31.4241016878652,68.1897921507061
57,-31.5438073867894,68.1908433994092
57,-31.5444507708681,68.1176377057373
57,-31.3621746314442,68.3744957893486
57,-31.3790995487103,68.18939736812
57,-31.4635477608956,68.2078865856682
57,-31.296311398861,68.2896145720193
57,-31.2872624951253,68.295081612539
57,-31.5032762275877,68.1938150619878
57,-31.3659984314899,68.3490162787125
57,-31.4432167681304,68.1655561318435
57,-31.4251574624614,68.1720532150334
57,-31.5355867247277,68.1020301287891
57,-31.289023693135,68.2995340895276
57,-31.3717195782878,68.3124607829549
57,-31.3514953728653,68.2579295902168
57,-31.40208225136,68.2372972430754
57,-31.4595970365492,68.2477853580001
57,-31.4840597289402,68.1270905220769
57,-31.4597431037206,68.2311476994543
57,-31.5038120996149,68.132810318605
57,-31.4242379516215,68.174263671217
57,-31.3037351748155,68.2641665805164
57,-31.4822498899174,68.1281838912782
57,-31.3935148929379,68.2904666910018
57,-31.5024017135389,68.08842742411
57,-31.4650556889722,68.2411777064735
57,-31.3833857458446,68.213838732149
57,-31.3426311382143,68.2423222087519
57,-31.4682581166536,68.0814720067605
57,-31.5506146381518,68.1332215594794
57,-31.5541660862038,68.1387990895477
57,-31.5340921087898,68.1696820248924
57,-31.4013719183565,68.3182671818724
57,-31.556914980029,68.1332769379518
57,-31.5013165498414,68.1094938821304
57,-31.3032589840366,68.3185162618915
57,-31.3505856131554,68.2590308768125
57,-31.3655113757083,68.1992615721207
57,-31.3816343044475,68.2082770591285
57,-31.337090640447,68.3609647242008
58,-0.410581325565756,19.6572843174981
58,-0.404109569438559,19.6838694345658
58,-0.548692052643455,19.7256514412947
58,-0.42539199689799,19.5930327023887
58,-0.377177396219864,19.6415850338116
58,-0.398259902116726,19.5895657476466
58,-0.51374187850079,19.6589249933907
58,-0.3881625463526,19.6172413194492
58,-0.458975244861329,19.7495889378362
58,-0.368640986382845,19.5417220554263
58,-0.349408399560663,19.5859872099622
58,-0.503918801288994,19.633364996891
58,-0.527150417925965,19.691158111644
58,-0.517980616774119,19.714401925737
58,-0.417526981154748,19.5386462673438
58,-0.362311835542263,19.5405804113494
58,-0.362408773458272,19.5217261971165
58,-0.386660692519275,19.5573421455626
58,-0.392227500511624,19.5307523644976
58,-0.392016379205335,19.5717880091486
58,-0.393426891433308,19.6494323316673
58,-0.443000196440087,19.6885060710656
59,-2.93919194486027,21.1457715090192
59,-3.34396110849251,21.2555639275601
59,-3.10288167672697,20.9958237583693
59,-2.85949572375696,21.1586480823155
59,-3.0234245817514,21.1307021232336
59,-2.72221664670616,20.9438465512707
59,-3.13605796597106,21.0514601410893
59,-2.97016659702134,20.9407548394627
59,-3.20974047037208,21.3113939922415
59,-2.87895237882633,20.9080952173849
59,-3.21115264871827,21.0529792964449
59,-3.12821754501713,21.3275854861843
59,-3.02571035831812,21.2094612827036
59,-2.98909571915807,21.1205333389374
59,-3.17602658509772,21.3544650731222
59,-2.98523518395267,20.998510414151
59,-2.78380348601099,21.1005641335305
59,-3.26416207198147,21.2872911629248
59,-2.92584862651769,21.1035528896535
59,-2.93399203068303,21.1035971332951
59,-2.85857053968008,20.9956041591745
59,-3.16467339139298,21.113726411012
59,-2.79665728458349,21.0662514165263
59,-2.85604855713417,20.9600990216588
59,-2.8213461115688,21.0186935684672
59,-3.15279568929994,21.1347346408805
59,-2.85028266385529,21.0221777960062
59,-3.01430394613248,21.1439617817081
59,-3.34495627315511,21.4041900659134
59,-3.07502954305784,21.1254376481804
59,-2.89446282854676,21.0512543501267
59,-3.22472050950857,21.2194198029507
59,-3.08940389683464,21.1443708405942
59,-3.21024353025755,21.2193406770686
59,-3.17500434576551,21.2102752987202
59,-3.3724406094575,21.3422305871183
59,-3.3724406094575,21.3422305871183
59,-2.83077925830893,20.9477617972619
59,-3.3696775643822,21.3510883142846
59,-3.17814275600412,21.132654808599
59,-2.8467716123201,21.0021948079024
59,-2.97785779224627,21.0239797820873
59,-3.0098945313908,21.1228647208447
59,-2.83394158599607,21.032071150241
59,-2.74821686032356,20.9883515462838
59,-3.34502921012259,21.3908811491923
59,-3.224647756905,21.2327287153122
59,-3.08899883381277,21.2186789238467
60,-7.56779975208931,67.1189664454469
60,-7.55955787314661,67.1422097383682
60,-7.57311327282141,67.1334181263503
60,-7.55226308151073,67.1576943895859
60,-7.52604583825346,67.1763922922718
60,-7.59497105401196,67.0914008658896
60,-7.66747124482866,67.0108684099624
60,-7.58140215172706,67.1024107559151
60,-7.50410151333938,67.2328287505228
60,-7.52144476608385,67.193002439817
60,-7.61778286690486,67.0405158625441
60,-7.62858438803151,67.0405812386475
60,-7.54700317197479,67.1343694749661
60,-7.54445699789666,67.1088425727929
60,-7.51026584976766,67.1064176085978
60,-7.56258009160054,67.0889865885098
61,-7.32664145751559,12.1503054289892
61,-7.30725905317202,12.0581354106152
61,-7.26170552429382,12.2563956974228
61,-7.31147980865074,12.1102881507124
61,-7.22563998305536,12.2284553120271
61,-7.27947756905021,12.1611178255389
61,-7.38198311211425,11.9820491316305
61,-7.30458923007565,12.2034120342163
61,-7.25417583767622,12.1509865352963
61,-7.36636880394135,12.0185571406758
61,-7.34992834469071,12.1948071881454
61,-7.43009980482474,11.9634791879272
61,-7.34476278364338,12.1493034467432
61,-7.34734145739529,12.0195537267365
61,-7.2803112659328,12.1733228735244
61,-7.26172943891527,12.098903319356
62,6.7971395346967,5.52008990246337
62,6.7795985084651,5.23624512810027
62,6.72027321813133,5.56145739063155
62,6.7217406901042,5.48159837983316
62,6.70650939035585,5.52269965637149
62,6.79265227857948,5.32047766049486
62,6.73008051235718,5.52370677879127
62,6.71099819989887,5.5126986548393
62,6.80065403524588,5.07423089325754
62,6.78354357390542,5.52014859369351
62,6.77586494262819,5.6310882291086
62,6.77850533051544,5.19299634517031
62,6.89762009001756,5.27898983508302
62,6.79900386682281,5.11194618787291
62,6.79955424263852,5.23948618187569
62,6.78244227752305,5.26506852029497
62,6.65936564965628,5.31107237502839
62,6.80409797302529,5.03207160641858
63,0.0268285135028418,19.8935002845675
63,0.0386379930948024,19.9023128892286
63,0.0285309707487468,19.8724186936081
63,0.160077897474694,19.7586208081641
63,0.175371987297258,19.7407974787243
63,0.212036065851862,19.6541014564289
63,0.107012832061679,19.8232185174879
63,0.183113141330017,19.8394680611356
63,0.0152169649792486,19.9235052093216
63,0.121915215426823,19.9063252196475
63,0.0279030844295048,19.9267678257544
63,0.0564316978828283,19.8423307841225
63,0.15558130574628,19.7641891665985
63,0.197894553326652,19.7207192623685
63,0.206517893064884,19.8149489775118
63,0.0455666701524169,19.8412770461342
63,0.103568018255406,19.8576181615256
63,0.126191677543626,19.8575030451398
63,0.254227114944486,19.7647973397868
63,0.146621974518173,19.7819803198106
63,0.151242601813981,19.8008115306506
64,3.15458939096943,15.738975001567
64,3.10735792252031,15.707035447048
64,3.17357573076076,15.7333395886947
64,3.24881002930691,15.7518379569142
64,3.20626855833683,15.7542574275746
64,3.32341615296836,15.829121574787
64,3.34974465255387,15.8445245437864
64,3.30726646073814,15.8602522940966
64,3.26453673664975,15.822745216609
64,3.10277319794614,15.6948572355909
64,3.27885991261882,15.788295788907
64,3.35552207998425,15.9176970854825
64,3.11291640576208,15.7336271850239
64,3.3847867205753,15.7877958065057
64,3.38204973425955,15.783372358819
64,3.30442468985665,15.8336476067691
64,3.35980814976722,15.866658824529
64,3.14729391351703,15.7279187047556
64,3.19897840915911,15.7443101518913
65,-17.9844093956053,45.3834359939303
65,-18.0711565265906,45.4927597724404
65,-17.9730451768707,45.3323318754104
65,-17.9805031599602,45.2991099243746
65,-18.0444449291889,45.4426543182931
65,-18.0260549084508,45.490217021103
65,-18.0336952042534,45.3061473259758
65,-17.8927424169132,45.330646218718
65,-18.0012035597602,45.4323607867733
65,-17.9524500125684,45.3100002748831
65,-18.0112729916486,45.412467837804
65,-18.0159282987512,45.3925359799629
65,-18.0443492114925,45.455963845504
65,-17.9919391102715,45.3402319064797
65,-18.0424009283599,45.4759151580846
65,-18.0735124456713,45.5415808554012
65,-18.0634422876351,45.4361358532659
65,-18.064432413099,45.4239419449149
65,-18.0306770896671,45.3493838170553
65,-18.0215178828014,45.3681741033695
65,-18.0146258403041,45.3226480005696
65,-18.0215178828014,45.3681741033695
65,-18.0267008183922,45.4003777141506
65,-17.9543025409011,45.3033584729978
65,-18.0158405984697,45.4047363787219
65,-18.065814231908,45.4827386744991
65,-18.0657503977809,45.4916116932845
66,-5.34057813397207,19.7317182185552
66,-5.49055061734258,19.6183361371439
66,-5.49596779211069,19.6205853385818
66,-5.26564483687782,19.8588390389346
66,-5.42062673853809,19.6600827762997
66,-5.43611897139467,19.6413163725366
66,-5.48041651505296,19.8079362117341
66,-5.55714734642714,19.5255518770847
66,-5.4300311994885,19.5980262717572
66,-5.55988770752086,19.5211311237542
66,-5.33806629247405,19.8548152251826
66,-5.43528268575954,19.7877142651575
66,-5.41661419683922,19.7288247489082
66,-5.39155977419001,19.8373746096208
66,-5.50949802818598,19.6284265064825
66,-5.39686921223626,19.8584780301168
66,-5.36989781840862,19.8272689956562
66,-5.30189978890412,19.8490635327953
66,-5.55476586560294,19.6253582451022
66,-5.51473752587545,19.6617298163385
67,-19.0036792874753,47.9164419507487
67,-19.0083924188962,47.8887466039844
67,-18.9862395396973,47.9573546261177
67,-18.8511912996169,47.9197658893829
67,-19.0733100565573,47.7705377090038
67,-19.1241372548377,47.7287603318584
67,-19.0516591880064,47.770379381171
67,-18.9677651927774,47.8928866029591
67,-19.0016131423998,47.8288007419887
67,-18.9921111993518,47.7710533860037
67,-18.8819965117378,48.02536364645
67,-18.8819965117378,48.02536364645
67,-19.1227723809533,47.7919742532414
67,-19.00188865413,47.7910902542444
67,-18.9877221233236,47.7543834596984
67,-19.0619249704503,47.8469886492305
67,-19.1227723809533,47.7919742532414
67,-19.0775285936181,47.8104994534971
67,-18.9328618189502,47.9780395211163
67,-18.862271756526,48.0085819503232
67,-18.8675989899961,47.8965924915578
68,-7.39545869274769,28.7752609101101
68,-7.28228832081391,28.8023164515393
68,-7.34396104672574,28.7694089599587
68,-7.33820053693873,28.825940376882
68,-7.43412131286977,28.8109832496224
68,-7.27122710443451,28.6857920890297
68,-7.22859837225324,28.7088308598259
68,-7.34450829428854,28.6773543828712
68,-7.26566452265839,28.7090508041787
68,-7.23572551560262,28.7266192229274
68,-7.30706645251077,28.740352311024
68,-7.3347689599492,28.794864321915
68,-7.43213490470464,28.8409179535266
68,-7.28272297786438,28.7291164245121
68,-7.27636170048593,28.7346243060082
68,-7.21254903893574,28.6710252489699
69,-20.6924110423384,43.7151206864188
69,-20.671561364805,43.7271656696317
69,-20.7992722594787,43.7880187781169
69,-20.8085844190803,43.8701686316351
69,-20.6842466894179,43.720605501242
69,-20.6897615628042,43.7073365268605
69,-20.7116022619729,43.8039995183866
69,-20.7012702925258,43.7373708030633
69,-20.6873861147326,43.6629511929723
69,-20.7308512407134,43.8851145212431
69,-20.6716277830206,43.7182926569958
69,-20.7829102929363,43.8034247257938
69,-20.7457819606218,43.8197842430333
69,-20.6906697142025,43.8271357228411
69,-20.7096809034892,43.819513773066
69,-20.7699256706648,43.8499133187728
69,-20.775673436413,43.805588843381
69,-20.8094370202732,43.8768301634681
69,-20.7886540921283,43.8800018542339
69,-20.7451952796315,43.7776306622722
70,12.4077748125673,51.2478053471055
70,12.516238938815,51.3161661856668
70,12.472624709413,51.2275983697153
70,12.3711822474162,51.3488736114465
70,12.5224640871856,51.2928511496531
70,12.4761819048264,51.2142754752701
70,12.3619571269751,51.293451502983
70,12.5651393324246,51.1296494105859
70,12.5822311083814,51.1184944077209
70,12.4367172779434,51.2709888348905
70,12.2821955608092,51.4246287464597
70,12.4352042839807,51.3486338578304
70,12.3000339553442,51.3724324130337
70,12.2640612312568,51.3980777069726
70,12.636211932437,51.0850195426955
70,12.6030743811764,51.1461451379634
70,12.4556618336175,51.2731362519008
70,12.6182430352193,51.1028325005225
70,12.3824268075317,51.4619631351624
70,12.5309228131751,51.1430865740804
70,12.3049985139988,51.2537364331814
70,12.5660286756061,51.1263186969729
70,12.5396755111945,51.0720694008875
70,12.5810319568816,51.0386412859387
70,12.3503886323128,51.3345328398696
70,12.3117937550015,51.382370450173
70,12.5472947224072,51.1807360545653
70,12.6705688961245,51.1092927965014
70,12.3777686258847,51.4220517662633
70,12.3051526471471,51.294773807521
70,12.4905143533226,51.1887118648286
70,12.2903568072168,51.4367985502216
70,12.2903151288539,51.4257073652623
70,12.6587390908689,51.0804992821845
70,12.312749614877,51.3967856034255
71,-17.9906351108353,46.4006035968484
71,-17.9142536976203,46.3567966621355
71,-18.0055736045992,46.3308322609547
71,-17.9905539702183,46.2863568539396
71,-17.9184121875165,46.2802926980229
71,-18.0207675386716,46.2255688401931
71,-17.9789998096833,46.2618717263294
71,-18.0642288415625,46.3301449635699
71,-18.0026754416723,46.35743189068
71,-18.0720775552878,46.2425757420072
71,-17.8930530978169,46.293420900729
71,-18.0319068241243,46.3077287115217
71,-17.8906913942712,46.3710469537419
71,-17.8999289444269,46.3411652345038
71,-17.8098297114645,46.3227720489162
71,-18.0868891888229,46.1905506047895
71,-17.9006242280249,46.370009055689
71,-18.088550036112,46.2105279086814
71,-18.0965667310273,46.2250050394572
71,-17.8847525362761,46.4442106020018
71,-17.8847525362761,46.4442106020018
71,-17.9601734746601,46.3704366742182
71,-17.9603089357443,46.3515814859741
71,-18.0796549836415,46.1927169061056
71,-18.0912888073194,46.2061108799181
71,-18.0449055954281,46.2567996535609
71,-18.043220725813,46.2401497434773
71,-18.0790881941011,46.2714650368658
71,-18.0881348629317,46.268202597009
72,5.5620061827607,16.7537930139778
72,5.62234649219288,16.6836510545355
72,5.54503449377389,16.8048868518993
72,5.60637752345437,16.553959373517
72,5.48577083434252,16.7108798442325
72,5.424820095931,16.8464615585879
72,5.44973938640323,16.7509684067755
72,5.36300908976351,16.790175701309
72,5.60384495593217,16.5950068377098
72,5.62209894578659,16.628197891837
72,5.44137323225249,16.7022061471548
72,5.47141586637439,16.7397803872782
72,5.47191285863012,16.8506867438885
72,5.64355822001479,16.5682115207175
72,5.63795869061601,16.7334902177993
72,5.68720422778471,16.611271219878
72,5.42039338558895,16.8686631407868
72,5.55832564605231,16.740500442957
72,5.54316188813676,16.5886235452257
73,-3.30500562752696,20.7684517017915
73,-3.39435074510722,20.6469393358538
73,-3.37927199872507,20.591401226629
73,-3.18136968060344,20.873140994159
73,-3.31470399642043,20.6498301954502
73,-3.33354222206399,20.6798792927614
73,-3.38131890537695,20.5481572228628
73,-3.22684236648708,20.8312433096622
73,-3.16752788287395,20.7566090377886
73,-3.06146010063175,20.792631194829
73,-3.36358517613087,20.6467706554066
73,-3.12208535245009,20.7929616459003
73,-3.10775886049698,20.7651558144158
73,-3.19493026037869,20.8754332751026
73,-3.11799656610488,20.7130835587741
73,-3.19769112237036,20.7013183416096
73,-3.23284743654303,20.7259108344703
74,7.93871189984016,12.3138263488477
74,7.84550813903171,12.3341814194056
74,8.00569700073788,12.3046728229304
74,8.0213030616481,12.3545157855186
74,7.87280519461917,12.3640116016404
74,7.79286043740041,12.306676262043
74,7.80631056154857,12.2744564317036
74,8.03843711476884,12.3366988481311
74,7.91636271333159,12.3837918819292
74,8.01501425248629,12.3667419457803
74,7.9669934890985,12.3625069470634
74,7.8056150927869,12.3243677151348
74,7.76122616700415,12.3223366716742
74,7.88015338932903,12.3883803441748
74,8.04573381165735,12.3488681196901
74,7.90164783586434,12.3306181262527
74,7.83928957358649,12.3630435290225
74,7.99400648019509,12.3246851526909
74,7.96860951679916,12.3159190461873
74,7.86548494863795,12.3462971950686
74,7.86005072922277,12.3463200528803
74,8.01128457861312,12.3412488620081
74,7.93525203244959,12.3526584764952
74,7.93891674234759,12.362624762035
74,7.92703085491917,12.3360568777691
74,8.01856737241132,12.3500909472038
74,7.84107297045336,12.3563815755588
75,-17.5799882197196,42.8737902001836
75,-17.587209169317,42.8738417094904
75,-17.6362198013014,42.8364793832549
75,-17.5630203736132,42.8481580704432
75,-17.6128545126456,42.8218932775171
75,-17.5937332367881,42.8450495978962
75,-17.5486021546979,42.8447277303496
75,-17.5492754621347,42.8768987192875
75,-17.5229414478099,42.8988945900123
75,-17.5945409019178,42.8583655084185
75,-17.5627356459881,42.8880864829524
75,-17.6000278472548,42.8484220454707
75,-17.5409779560399,42.901241503539
76,1.21967498207325,17.1779770108135
76,1.27367069719749,17.296382416382
76,1.04964275831194,17.0268760523917
76,1.224228571938,17.1834998970074
76,1.05287193071848,17.1300057158493
76,1.02358987814718,17.0669331775513
76,1.07736322694703,16.7760829297965
76,1.16236737303564,16.9398062662487
76,1.2948693456222,17.3728049121667
76,1.21213320201554,17.3000147532448
76,1.13859413667693,16.8922333260835
76,0.970990667311358,16.8664493536884
76,1.2317562663026,17.2411354507087
76,1.07565150453034,17.1598378805905
76,1.26991251162492,17.2686736862869
76,1.20002707351308,17.0494196024397
76,1.33157643805159,17.2905502846404
76,1.15426792324911,17.1317197017339
76,1.15970476765407,17.1328017929611
76,1.29560430992109,17.3384193590763
76,1.1034439063117,16.9234626520043
76,0.988477917195123,16.9240350372777
76,1.05139780097036,16.8338850072888
76,1.28027630958398,17.3506953008431
76,1.15852226370928,17.2592443791186
76,1.08728191369685,16.9501612766068
76,1.06448527607805,17.0988932764232
76,1.11502463287773,16.8856958958232
76,0.998694130504853,16.7942201505769
76,1.11296604032727,16.835796921954
76,1.07817984095059,16.9402247129148
76,1.22680123328738,17.1546507002199
76,1.21779616571584,16.9816767491279
76,1.31111297343706,17.1797421692107
76,1.19907781937829,17.0405515631526
76,1.22461680545419,17.0792431594222
76,1.17940495298133,17.0894493197561
76,1.14366973109782,17.1850088574318
77,-19.5794087023564,44.5886602851148
77,-19.5644263931451,44.5397457375266
77,-19.5343925013428,44.5739094817359
77,-19.542653292746,44.5551140924008
77,-19.642784307471,44.5613975072168
77,-19.6534368078379,44.7078887840235
77,-19.6534368078379,44.7078887840235
77,-19.6063840357346,44.6021692126226
77,-19.6092547905002,44.5800066148099
77,-19.6376262623019,44.6489852964496
77,-19.6081235575794,44.6110555262966
77,-19.6206760452882,44.6222398835877
77,-19.6127828636563,44.5911244803336
78,-31.4114230940883,66.2484744706512
78,-31.223388852269,66.2335166973113
78,-31.2026832478115,66.2333356199479
78,-31.172016794216,66.2397230718457
78,-31.3672176880988,66.1560184966526
78,-31.4409657017381,66.2675909585222
78,-31.4263133255938,66.19314208384
78,-31.2684301584965,66.230582991594
78,-31.138891928124,66.218357694495
78,-31.1858113363245,66.2065659045577
78,-31.3961481423313,66.2450127753951
78,-31.1820746051671,66.2220628553526
78,-31.1985796540806,66.1878201438263
78,-31.3331311486544,66.2444605776933
78,-31.3331311486544,66.2444605776933
78,-31.3146437057511,66.1966005361243
78,-31.3249998210546,66.2477171351351
78,-31.3270625978402,66.2177852124493
78,-31.3503037833818,66.2368461984214
79,-30.5375993215966,64.8542874076934
79,-30.6273106254723,64.8927797935354
79,-30.6266755944992,64.9659850746174
79,-30.5069259915588,64.9649470980023
79,-30.3733084598506,64.7974028227706
79,-30.5225494112502,64.9284770422513
79,-30.3437489589621,64.7793992692023
79,-30.6415007478936,65.0215764187062
79,-30.6564797153966,65.059421056678
79,-30.6865191143724,65.0219671399277
79,-30.4481944019009,64.7803024986344
79,-30.3121774840177,64.8900518121519
79,-30.3431163218318,64.8526045198268
79,-30.462541000603,64.8913520343308
79,-30.5821377451697,64.910136120935
79,-30.7011800467347,65.0964145091614
79,-30.467052503909,64.8902818322405
79,-30.3282889653962,64.7970137304822
80,-16.9477763296519,47.1374318983555
80,-16.9422691347676,47.1507031733678
80,-16.9623995041805,47.1109148819628
80,-16.8294790008308,47.0245685772556
80,-16.764724429842,46.9952730252207
80,-16.7077416824003,46.8872806559354
80,-16.8274632727479,47.0545023242775
80,-16.7528520162482,46.8875985009391
80,-16.8870077944334,47.0549227529005
80,-16.9401354089128,47.1972738442305
80,-16.9437124320233,47.0741796408501
80,-16.8383033133945,46.924804290765
80,-16.8608740513622,46.9227452624002
80,-16.851640601404,46.9526280410765
80,-16.8653459077626,46.9283227590504
80,-16.7506410916778,46.9452604736164
80,-16.7843119254684,46.9044580598501
80,-16.8333636969312,47.1133307340215
81,-16.1599375125811,45.2263231919319
81,-16.1900023924221,45.1854933788092
81,-16.1781553349415,45.2020483765742
81,-16.2046108493091,45.1611934213079
81,-16.2721655088842,45.1794122399269
81,-16.2132900105966,45.3398319342029
81,-16.1773812236866,45.3129609211851
81,-16.1811266144534,45.4227958506597
81,-16.1766458005919,45.4183278556564
81,-16.2674938977766,45.3313372055208
81,-16.2072871901086,45.4240876763309
81,-16.2382272606666,45.2579268258074
81,-16.2075505276996,45.3863774019792
81,-16.2202495219376,45.2478186294879
81,-16.1697752694631,45.3683668180821
81,-16.2038249178389,45.4029890829036
81,-16.1976901758498,45.2476610977766
81,-16.2120622645706,45.1279700713521
81,-16.2295831616928,45.2035166409831
81,-16.2263879521844,45.2733726349832
81,-16.2374523792217,45.3688393845074
81,-16.2327897795083,45.2612163782856
81,-16.2092428986654,45.2732528930125
81,-16.2229681129442,45.3753932807711
81,-16.2047505104098,45.399668006781
81,-16.2135843493988,45.2976851622905
82,3.90675520455744,16.8611655150745
82,4.00812748018652,16.8573667218494
82,3.86964522074402,16.8624475077079
82,3.80014311699476,16.9060262133516
82,4.07006483884319,16.7439521969501
82,3.84289647219382,16.9501902438398
82,3.93299190049421,16.8577161000692
82,3.97876992033841,16.9684120113598
82,3.82724866151519,16.8948088058326
82,3.96329320778092,16.9496294726166
82,3.85802696711518,16.8946652433998
82,3.99346826981631,16.8197258319501
82,3.90337699516077,16.9133084135517
82,3.97833679692453,16.8752505870075
82,3.90371792661259,16.9865066813393
82,3.82750741524331,16.9502620387902
82,4.02342913636594,16.8384411454732
82,3.97807898960036,16.8197973644393
82,3.93342033421033,16.9497684593783
82,4.02317161320656,16.7829879272119
82,4.08382372972334,16.7827064689379
82,4.06834692564956,16.7639237518534
82,4.03830353227857,16.7274632600839
82,3.8724229958349,16.8757436237228
82,4.00073089718289,16.8241284363968
82,3.7975464997263,16.9315473814323
83,2.21424081140925,19.9169993689964
83,2.45395310490159,19.8958757222071
83,2.50684216005838,19.7913656482864
83,2.39133001505194,19.8584688413949
83,2.54741009337595,19.759006458363
83,2.26554816446907,19.860186636718
83,2.42707797896111,19.7651320956633
83,2.5016904205656,19.8490634692404
83,2.21266773212585,19.9658072580695
83,2.25853440155258,19.906802685929
83,2.46992105889553,19.8292529187775
83,2.30273679356975,19.8777520266902
83,2.34825213993341,19.93298656805
83,2.45359455362905,19.8215680096513
83,2.40817038226506,19.7851871328536
83,2.35976960201876,19.8819124283595
83,2.34534418597387,19.8930731629822
83,2.52824579885602,19.7258258711807
83,2.32317695005267,19.9874536289531
83,2.39452180005651,19.9571629933305
83,2.36319094496255,19.8408593199961
83,2.52861974092951,19.8034607807808
84,-18.4500209530087,43.0175774636781
84,-18.4042173966292,43.110417584369
84,-18.3134295556852,43.1829679107536
84,-18.328501340621,43.2207888658266
84,-18.284172180936,43.1095508474321
84,-18.4195615227256,43.1105284880567
84,-18.4484162620094,42.9898363208408
84,-18.3027745626493,43.1584890311845
84,-18.3002668540444,43.1307414028323
84,-18.3294380633615,43.0910213958174
84,-18.3588312990826,43.1455835086615
84,-18.2538587427289,43.1825382028054
84,-18.3447822213942,43.0911321689631
84,-18.2832441189496,43.238209192933
84,-18.4656299982406,42.9810873684208
84,-18.419433243334,43.128274467079
84,-18.2995163056452,43.1096615422857
84,-18.3887370394421,43.1291618096647
84,-18.4093235597896,43.0283750541625
84,-18.4320009239136,43.0130104377256
84,-18.432129223672,42.9952644616137
85,-2.30631855843228,24.926639631426
85,-2.13440760786645,25.1076127913669
85,-2.27775142265216,25.0251973953405
85,-2.38053571190481,24.9170564410873
85,-2.17430278871261,25.0889714137591
85,-2.12964818770968,25.1519518714012
85,-1.99731447039399,25.2055914071347
85,-2.19386719860433,25.1511865734877
85,-2.07772342644801,25.2215483739087
85,-2.16820941471681,25.0445742417444
85,-2.07959150754981,25.2104672213229
85,-2.32533428790938,25.0908906022855
85,-2.27023633733793,25.0772854144438
85,-2.25827059402765,24.9474549161233
85,-2.284808213235,25.0585086826412
86,-5.90290549342969,28.6056813910552
86,-5.81765840690781,28.3378893478923
86,-6.1729604580559,28.4963341911286
86,-5.92617424004595,28.4904667378608
86,-6.22845153401134,28.5931510093617
86,-6.22511921200092,28.5443299963409
86,-5.77707253234088,28.477405135755
86,-5.84778250009974,28.4445394356232
86,-5.86776192348526,28.4291270727688
86,-6.02034568046022,28.4655020360919
86,-5.9600796388723,28.5683018277986
86,-6.10252646136779,28.4815064352565
86,-6.20361610170425,28.6662089742376
86,-5.96674196548742,28.5106657789266
86,-5.89932134735369,28.4437281189691
86,-6.10019689220638,28.5713322399077
86,-5.97458321351517,28.5617310279482
86,-6.13791638584121,28.6148072299422
86,-6.17357444087783,28.5462485029358
86,-5.79545477039501,28.4253822199726
86,-5.78117501071683,28.3931351726074
86,-6.01801694387384,28.5553278509164
86,-6.10832060187211,28.5735976502164
86,-6.13772312013042,28.6480799394604
86,-6.09262967351498,28.6289629562413
86,-6.17666205820401,28.6372149256309
86,-6.21535592055763,28.6684955170197
86,-6.12436835537927,28.6125102910129
86,-6.05896366149688,28.5100910030697
86,-5.94565310208587,28.5615635702121
86,-5.88813264863548,28.5024471689085
86,-5.7367982477381,28.4061888433159
86,-5.7124008221305,28.4038300249297
86,-5.89600641544058,28.5479668925325
86,-6.10562772117677,28.5702546354909
86,-6.0007304534794,28.5740828593979
86,-6.00413656603213,28.4543168480564
86,-6.06357407492877,28.4945899588838
86,-6.06892131303239,28.5079305023621
86,-6.07775612614997,28.5434738310836
86,-5.88113723349507,28.46136904058
86,-6.15248446155398,28.5971458171913
86,-6.21760277712683,28.5930878904904
86,-6.23373392130015,28.6175825612163
87,-31.3324068562692,61.3881370788021
87,-31.3473217028556,61.4337467972324
87,-31.3488045416952,61.3672047303212
87,-31.2945166284036,61.4976216132403
87,-31.2891607173699,61.4920285461131
87,-31.2781871604301,61.5107899000659
87,-31.2954367495571,61.4954111548052
87,-31.2816737537609,61.5241313778455
87,-31.3363382506712,61.4536172458283
87,-31.2943430208739,61.4144263051986
87,-31.2363564117673,61.5559037052458
87,-31.2456737081988,61.5204890752328
88,-10.8981266659577,32.7209405367253
88,-10.9026801431827,32.7154237450524
88,-10.9897127100203,32.6716114183012
88,-11.1603144901294,32.560675125116
88,-10.7982649906394,32.6504304291713
88,-10.9942380324935,32.670531075031
88,-11.1677491454827,32.5285573645863
88,-10.9789179446531,32.5218081143736
88,-10.8143196688834,32.6838066237885
88,-10.9965889186125,32.5851418473171
88,-10.8599177309688,32.6186564847822
88,-11.2343157052227,32.5766758580124
88,-10.9171795030487,32.5668904415914
88,-11.2229012118161,32.5244730561883
88,-11.2346205386663,32.528984538435
88,-10.9988763141777,32.6517051266679
88,-11.057755213129,32.6298971999981
88,-11.1214569314519,32.5604271654454
88,-10.8286373146352,32.7060803766334
88,-11.0578965566076,32.6077151912823
88,-10.7940383840672,32.7468992360919
88,-11.0552562469865,32.596606913365
89,-20.7568740093231,46.5529151285239
89,-20.7750271429546,46.5386318141809
89,-20.911124838642,46.5585104618808
89,-20.8131908843453,46.6232170261908
89,-20.7869561575938,46.5121006872784
89,-20.7836634661268,46.469926611973
89,-20.7531069352869,46.5739615505422
89,-20.7795217364972,46.5408839310133
89,-20.8691880840669,46.6158733092658
89,-20.7014834219051,46.4792929803985
89,-20.8361634181834,46.5679298452223
89,-20.9186861856048,46.6328833423588
89,-20.9256287977455,46.669538974151
89,-20.9433313647569,46.7151491188705
89,-20.9136995606517,46.6960699225739
89,-20.894075589095,46.6659741186053
89,-20.7289459492529,46.5471596849398
89,-20.8481532483546,46.6534278595992
89,-20.9033830374359,46.748124486398
89,-20.8903749303301,46.678147435972
89,-20.9433981226233,46.7062760645435
89,-20.9692282505905,46.6310452084141
90,-30.1112344226582,70.0219601319777
90,-29.9856342148989,69.767965584829
90,-29.9853188730649,69.8045684717246
90,-30.0296719550598,69.879271180891
90,-30.0727517554837,70.101494926264
90,-30.0947305906394,69.9530435079331
90,-30.0998043339234,69.9908021740117
90,-30.0995361497327,69.9175886099297
90,-30.1254694120186,69.9366698607951
90,-30.1823793952928,70.1201894623181
90,-30.1011924810208,70.0385123955701
90,-30.1172174665039,70.058617401002
91,-16.8590854335556,42.827637972238
91,-16.9111688918052,42.7381620230805
91,-16.9228326483667,42.7482269332623
91,-16.8350898640782,42.7742283154484
91,-16.8540763279588,42.7699254492316
91,-16.7841443418267,42.8304374049674
91,-16.8205540319256,42.787435998111
91,-16.8599724147064,42.8298625806286
91,-16.8769080024022,42.7323744331351
91,-16.8767046165127,42.7612116002827
91,-16.7974336615434,42.8660246688691
91,-16.8607890085609,42.8420692866817
91,-16.85213813939,42.7887677930752
91,-16.8540294095033,42.7765801802669
91,-16.8790291798727,42.815577671594
91,-16.8876300543027,42.7479785390832
91,-16.8876300543027,42.7479785390832
91,-16.7882590543201,42.8870344085498
92,-8.55928927227767,11.1195544338948
92,-8.56969623355288,11.0464165505562
92,-8.59663023959356,10.7870493645929
92,-8.59550967377942,10.9722627812345
92,-8.57941885774396,10.9366741442406
92,-8.65992648284812,10.9560162033062
92,-8.65311039554287,10.7352634128132
92,-8.59740856965043,10.6583981593596
92,-8.62281973349949,10.9502459925408
92,-8.66085456750979,10.6532367094713
92,-8.57919683498482,10.6738154359092
92,-8.54941884669027,11.1039673122759
92,-8.71711208270886,10.7877790949815
92,-8.59595924761781,10.8979555959236
92,-8.60557493782934,10.8059582330692
92,-8.63491885986016,10.7473533901209
92,-8.62683305169753,10.7362134124348
92,-8.68309724350989,10.869646537873
92,-8.61628436001059,10.8326415126957
