-6.507208110920620348e-01 1.872133347904679823e+01
-7.351790097547350467e-01 1.866631573771730146e+01
-8.801670082265690809e+00 8.199650294875729273e+00
-5.905315058366750414e+00 2.035605924760459828e+01
-8.956744778891149394e+00 7.882281200244089625e+00
-8.946702650061400419e+00 7.894420189821159894e+00
-9.190007033708390338e+00 8.118832615083080739e+00
-9.158406928713839434e+00 8.099784866395410177e+00
-8.830958921821029151e+00 8.002408477731979275e+00
-8.819643274350209339e+00 7.925811992899049585e+00
-7.092306998358689496e-01 1.860850812017680056e+01
-8.880140983678110445e+00 7.961670529865659596e+00
-8.887424008265430331e+00 7.956169291888829598e+00
-8.873208334319929946e+00 7.909500774942340051e+00
-8.787352745187760661e+00 7.721541999916549770e+00
-1.163632004039870083e+01 4.366194309390709805e+01
2.191360122541719857e+00 3.898276047132439714e+01
-1.569698543667039914e+01 4.965428714216970008e+01
-1.958147282542660150e+01 5.616647517482469709e+01
-1.952773324196769877e+01 5.624261336602639716e+01
-1.811196156946709834e+01 4.609201356463970001e+01
6.195843112210040360e+00 5.441743583969770093e+00
-6.380499318683290344e-01 1.872126794808449901e+01
-1.886002416428160089e+01 4.199788648666999791e+01
-2.310273447442219918e+01 5.919364930351679988e+01
-3.085231162662159932e+01 5.816824692615490022e+01
-3.091071747889790089e+01 5.818761128342939770e+01
-3.843811347607370266e+01 6.581372803971919438e+01
-3.159459328759369967e+01 6.220351558892100030e+01
5.182754199260900307e+00 7.723160465303809730e+00
-3.090864058479650112e+01 5.811549240370700176e+01
5.058663264305559792e+00 7.735919530719519877e+00
-1.970262535739490062e+01 5.623725165821709737e+01
-1.677379889755469833e+01 4.237671137367699714e+01
-3.072583922969009862e+01 5.841229270159409737e+01
2.158876913184359925e+00 3.880324034709389736e+01
-3.151544822203310048e+01 6.229267073319760328e+01
-8.315453828494119293e+00 7.831820207054260408e+00
5.241815057563830038e+00 7.758385151486380416e+00
5.211906408874609653e+00 7.757410525663289924e+00
5.183460747518290113e+00 7.678794447731689843e+00
5.201748958900630271e+00 7.715311510857659982e+00
-3.757915856483540296e+01 4.729417069129129914e+01
-9.508822476138480084e+00 3.277655194886079926e+01
2.318284083065110135e+00 3.852961689797089662e+01
5.012445697465969907e+00 6.084393970329170287e+01
-3.104421429979409908e+01 5.827640237032530024e+01
-2.312611600249839938e+01 5.919937784030059902e+01
-2.313507359844329869e+01 5.920610307801189975e+01
-2.309115308207029926e+01 5.929227972552460102e+01
-2.314094679763789841e+01 5.914625092764200076e+01
-2.307357815784409993e+01 5.946629054714509977e+01
-2.299774486048509914e+01 5.948566550902420147e+01
-2.301349265551240109e+01 5.943032708466240166e+01
-3.084915985978220121e+01 5.811608512485310030e+01
-2.300901393111870163e+01 5.942696452454519829e+01
-2.306418685900819909e+01 5.939966398125930169e+01
-2.297272353570220105e+01 5.934349022616869718e+01
-2.301698402521720155e+01 5.944477417530730179e+01
-2.306418685900819909e+01 5.939966398125930169e+01
-2.501156996796089871e+01 5.384454553540980015e+01
-2.488917540011910035e+01 5.393008572255349975e+01
-2.279386110642019858e+01 4.765544870111580167e+01
1.837085057951389988e+00 1.792579250544959990e+01
-3.106345858004879901e+01 5.803253616755740296e+01
-3.078411877371739891e+01 5.813437791278310129e+01
-3.085447966378999851e+01 5.812611449562390220e+01
-3.687822514143800134e+01 4.679620527523619700e+01
-6.275561334731170060e-01 1.865023130213749880e+01
-1.675473357305720157e+01 4.239210563205419646e+01
-3.158167258435970126e+01 6.223889827922960194e+01
4.173260250368159952e+00 6.187381582160109872e+01
-3.163466511577589912e+01 6.225600228904050226e+01
-3.768681767767309765e+01 4.678493118893310054e+01
-1.173847622508320043e+01 4.377573863422129818e+01
-7.252634772288729659e-01 1.865850066231839932e+01
-1.956388986833919930e+01 5.622846080983850214e+01
-1.975457737537690051e+01 5.628089567421660178e+01
-3.635600390996849995e+01 4.657726358352280016e+01
-1.942375395380539871e+01 5.628732344273660004e+01
-1.143955420470880036e+01 4.366289233310200046e+01
-1.979530628926659830e+01 5.625790429460540309e+01
-6.280626927089530298e+00 2.055232637512959926e+01
-5.930543540756220366e+00 2.037505968831899850e+01
1.778310629150769984e+00 1.793828022729280036e+01
6.055906111865300367e+00 7.010578853987159853e+00
6.037883728617280177e+00 7.033948629224210158e+00
-3.077166723276990012e+01 5.811541279422119999e+01
-3.687286857394109774e+01 4.601635741265349822e+01
-1.186912002463460070e+01 4.325416808002859881e+01
-3.102563826551320147e+01 5.792571964011160190e+01
-3.689598022024379986e+01 4.682742981573100138e+01
-3.070387773996380076e+01 5.845092590434010305e+01
-3.551054036547849790e+01 4.588506479429550211e+01
-3.756369284113969798e+01 4.577324933656350225e+01
-3.106027891305290112e+01 5.829429010742479988e+01
-1.920271110639799872e+01 4.796337528544150075e+01
-8.937704533848739530e+00 2.006794572885380035e+01
-2.289817360900109833e+01 4.781598134484610085e+01
-7.388280213723189549e-01 1.866078914731739857e+01
-6.168914930228139859e+00 2.062266144088939868e+01
-1.890799512717120123e+01 5.150731415307990346e+01
-1.893140785623389988e+01 5.151192198597310323e+01
-1.886785418743880172e+01 5.144712440179200286e+01
-1.897171025083819984e+01 5.154992927873549746e+01
-1.251216780294729958e+01 6.292419069579430158e+01
-1.677635853217740092e+01 4.239780374098150162e+01
-1.184064780987529986e+01 4.346916156604979875e+01
-1.679166480430630060e+01 4.240345740216780257e+01
-8.301857321759630537e+00 5.467946303695349997e+01
-1.935809806368170172e+01 4.805657848849010350e+01
-3.732820557150739660e+01 4.624912142380510005e+01
-1.885808072860070084e+01 5.142708751934019773e+01
-1.898585268400960047e+01 5.146573368632930112e+01
-1.914410709649990139e+01 4.795850919508980326e+01
-1.926699504947839969e+01 4.805480043123480272e+01
-1.285577381371190064e+01 6.610433562617889436e+01
-1.895724831076010020e+01 5.143113943309710123e+01
5.229567349916379726e+00 7.856038448050149725e+00
-3.073728635665570152e+01 5.833918185463360118e+01
-1.936852378974700173e+01 4.811100553227589671e+01
-3.765761807806300254e+01 4.672364751140450068e+01
-3.684748841792620055e+01 4.641544802618030019e+01
6.352536165215949993e+00 5.207045409063339569e+00
-3.070391852806179855e+01 5.834222040336109671e+01
-3.153663983977549989e+01 6.223850319405600118e+01
-1.765425739202530053e+01 4.208014843272599848e+01
-9.007425221917390701e+00 2.006171707244450175e+01
-3.107557464616990117e+01 5.819348203685179755e+01
-1.891017688173450040e+01 5.133207694526299747e+01
-1.895198183986709850e+01 5.128801450957590191e+01
-1.905635086569069969e+01 5.144406557068879948e+01
-1.886009469070269873e+01 5.139826309702780094e+01
-1.874996360954790120e+01 5.128986792388229787e+01
-3.081029806780760083e+01 5.812905879144879862e+01
-1.806160889396230118e+01 4.606724903924529713e+01
-1.921989931069460056e+01 4.807996645190569751e+01
-1.918836686696819882e+01 4.807418937092130307e+01
-1.920111804345290096e+01 4.805764493572200280e+01
-1.919911064140639922e+01 4.808536002750700078e+01
-1.992900781238920160e+01 4.698043731415779689e+01
-1.880425105054380097e+01 5.138898212280260225e+01
-1.891553633115049848e+01 5.121565042029320125e+01
-1.902909565887789967e+01 5.147159601605500256e+01
-1.807856885538469882e+01 4.609288235738129913e+01
-3.158215927605520079e+01 6.218343991252270087e+01
-1.307730927886269967e+01 3.649175909121429839e+01
-1.192886508845460014e+01 6.260534660921290140e+01
-1.970672326063570168e+01 5.617072956318269661e+01
-2.424913043652939848e+01 5.358113780821160077e+01
-1.864643888226479973e+01 5.126471196061979896e+01
-1.493660133341830054e+01 6.828249296590729500e+01
-3.626722051078059650e+01 6.688475036626310555e+01
-1.759887622812869878e+01 4.212412032580189702e+01
-1.565073378295010009e+01 4.969056963483709666e+01
-1.927035113941040123e+01 4.808921001759399871e+01
-3.626687920171559654e+01 6.692135330098359702e+01
-1.677018041566079987e+01 4.237779507504310317e+01
-8.209796737779630149e+00 2.986154926486729977e+01
-2.442115141660559985e+01 5.269512904178399992e+01
-8.135439522437630799e+00 2.975018670071660054e+01
-5.357654050284179625e+00 2.276524121726399841e+01
-2.476206805523520060e+01 5.336337020009659682e+01
-3.719700036044719837e+01 4.609481584213949645e+01
6.326385359338310366e+00 5.238213422906119909e+00
-1.767496404418140088e+01 4.208806053656810064e+01
4.064581694223510233e+00 6.098145005288630216e+01
-5.373140884243650106e+00 2.274647467673660017e+01
-1.805233063523769843e+01 4.610267622981449875e+01
5.117981034099820192e+00 6.166090713573989746e+01
-3.158118588679090166e+01 6.229435665051970261e+01
-3.620674271965850011e+01 6.690193506099329568e+01
-8.580866003075259485e+00 5.533780415192809699e+01
6.523320892720249731e+00 5.292808544483500022e+00
2.512721926404919870e+00 3.821478897392280061e+01
2.648627521581309985e+00 3.830618868907870223e+01
2.753291816409559889e+00 3.828682833597760293e+01
2.526810941789999987e+00 3.814040916971769946e+01
2.256428107944609796e+00 3.825263641198910136e+01
-3.057792281384779898e+01 5.853191941856449887e+01
2.394492840969120184e+00 3.878767289813789887e+01
-1.448709798270339988e+01 6.820619887771269418e+01
2.468914036473839779e+00 3.849228332433519739e+01
4.090304432043920357e+00 6.013060152383989987e+01
-3.156684804580969939e+01 6.218330555836249829e+01
-8.134990978315650878e+00 2.982449597296350063e+01
-5.319213908650969991e+00 1.633218028697319824e+01
-2.691057557804720091e+01 5.698575133729070075e+01
-1.492346963405010030e+01 6.809827272210270621e+01
2.362448572545949865e+00 3.832643152479730020e+01
6.077509680680700299e+00 6.977211749162989918e+00
1.182016344155029941e+01 5.558786451512199989e+01
-1.572704312684509986e+01 6.902782412622170227e+01
-5.364056046944230438e+00 1.640674573901619837e+01
-1.190350688059930029e+01 4.337972691400069891e+01
-1.804929169744239914e+01 4.225711871340590164e+01
-5.357445087091879721e+00 2.280184085794540039e+01
-1.306322342535339942e+01 3.643620817666410261e+01
-1.808051705357529926e+01 4.218302810376280121e+01
-1.889414951740520010e+01 4.202253682684150249e+01
-1.887866625872310067e+01 4.204128020239439678e+01
1.180844162776359951e+01 5.653068052382720055e+01
-1.312258990124600011e+01 3.647431193673799754e+01
-8.255550450552199493e+00 2.976976780231110098e+01
2.678069700744759807e+00 3.823173494684510132e+01
-8.074644553764320776e+00 5.468806141266600207e+01
-8.267884350903560886e+00 5.492882048851760146e+01
-1.759913731218119892e+01 4.208751932199670165e+01
-8.090014732924059260e+00 2.978762317961309947e+01
6.152728439036930119e+00 6.976881197736130247e+00
-2.448837673214919874e+01 5.376716506167360166e+01
-2.440012623229830169e+01 5.352687370416850143e+01
-1.307767575822660078e+01 3.643630367309739881e+01
-1.228824694342729984e+01 6.273747883652149682e+01
-1.565099510971259988e+01 4.965285913315739919e+01
-1.764440686467030162e+01 4.206898633261069875e+01
-1.761434866769980090e+01 4.210648386345290106e+01
-8.042307252646720528e+00 5.481763850997059961e+01
-8.052505547327049484e+00 5.477111507149739822e+01
-8.046766990101080097e+00 5.482542984237009875e+01
-8.939698554102619710e+00 2.033414659683360171e+01
-5.917254416116920268e+00 2.048256702449129918e+01
1.161222126999719961e+01 5.659354413381129945e+01
-3.466765860294869839e+01 7.089664702224820303e+01
-1.504487891891199958e+01 6.876463965058610484e+01
-1.316574851732720042e+01 3.650454471919219657e+01
1.844499758509049903e+00 1.796124724796599992e+01
-2.094466874379259824e+00 1.937552563789530069e+01
1.813779357047869967e+00 1.797248848564879964e+01
-2.068245599444840099e+00 1.937094934513509870e+01
6.074483571178159735e+00 6.907353763055519735e+00
-1.766416333272439942e+01 4.208354669491569666e+01
1.797166532777950021e+00 1.790713325600789929e+01
-2.093484944035119977e+00 1.938993874794289951e+01
-2.073308831161059906e+00 1.943974078526769844e+01
-1.765683087120309835e+01 4.209902283038849902e+01
-2.006413295896280147e+01 4.311702386920669738e+01
1.779237497995610040e+00 1.794271206392160067e+01
-2.467755244219949873e+01 5.356013720033180192e+01
6.109140694155880347e+00 6.957109440698750369e+00
-9.050412827826859186e+00 8.274363647722170256e+00
-2.006941694425919920e+01 4.313481002895719740e+01
-8.258087824949299716e+00 2.979862064468809990e+01
-1.310789562453570056e+01 3.651081694437939973e+01
-1.311244861110670001e+01 3.650530126547069898e+01
-9.566586635200950539e+00 3.278800154426510005e+01
-5.941223142695499781e+00 2.040617648261740058e+01
1.498995627893829896e+00 3.462800402445250114e+00
-1.495498245478719923e+01 6.874959961908959372e+01
-1.314943105649239996e+01 3.651330999172530056e+01
-1.314656716076049925e+01 3.653658334089539750e+01
-1.166884864027360003e+01 4.337709779873539873e+01
-8.185477580356879557e+00 2.984698354987569857e+01
-2.005871737483219874e+01 4.311698371397559981e+01
-2.730424457016490081e+01 5.635341080402120184e+01
3.922515644979430061e+00 6.046303178500429709e+01
-3.626381626993529750e+01 6.686364237553769385e+01
-1.309754771616439939e+01 3.643643501927279971e+01
-1.483608494763839936e+01 4.006619251028450179e+01
-2.450867020127779838e+01 5.302858840056420320e+01
-1.246231529971029950e+01 6.297266652606329984e+01
-6.281229102543439691e-01 1.871567112100819941e+01
1.160855262783320008e+01 5.657692106985300029e+01
-1.681340691829580081e+01 4.239251878461519851e+01
1.809919962693999906e+00 1.792370723573209901e+01
-1.496328093519890068e+01 6.872081720483440392e+01
6.048089827505809701e+00 6.881961339592930216e+00
6.130924847455699656e+00 6.964777199217579984e+00
4.018585819183270402e+00 6.173367974245829970e+01
4.053795148078240373e+00 6.175126046362009902e+01
-8.203764133637420741e+00 2.981271089384150130e+01
-3.623420312093089990e+01 6.685338282347609606e+01
1.531047789497480105e+00 3.528078355525150034e+00
-3.625121364190599849e+01 6.686352487586950133e+01
-8.355676464198909414e+00 5.501809079544940317e+01
-1.315348445655549980e+01 3.644678739246310073e+01
-1.311972606637620054e+01 3.649758529249209715e+01
-2.005880783376600007e+01 4.310478333852999810e+01
-1.139770957983940036e+01 4.371364460577400024e+01
-3.160752867184490000e+01 6.226907505527930198e+01
-1.990210604930329907e+01 4.695805419093699840e+01
-1.990031806964429961e+01 4.695582256485850081e+01
-3.618591450590079717e+01 6.691505232600819397e+01
-3.616587290617010098e+01 6.694037900090449966e+01
-3.618452870067260108e+01 6.696717539194459334e+01
-3.619994538684809982e+01 6.695511698052659710e+01
-3.620065954386080165e+01 6.697509060539169923e+01
-1.993314258235979963e+01 4.690947964842799678e+01
-1.806392471885089890e+01 4.612161580553699736e+01
-3.620715611978179993e+01 6.685756787142300084e+01
-3.160408185302850015e+01 6.225129675012269814e+01
-3.622906122919530247e+01 6.692211001863979902e+01
-2.735477895914370094e+01 5.634606435539009794e+01
6.212931436061100321e+00 5.204328731692400289e+00
-6.429136460779120155e-01 1.865585620903040009e+01
-3.731887609340510181e+01 4.608930274087560264e+01
1.783752332798379969e+00 1.794047176325040027e+01
1.815605913311709951e+00 1.797580682871350177e+01
-3.743072561056089853e+01 7.207603655699969636e+01
6.406890616506050407e+00 5.407549048273819992e+00
-7.904523407192029616e+00 5.479572809750450091e+01
6.393197746489019728e+00 5.385427451985419722e+00
6.365913444449080139e+00 5.364474245718220402e+00
-8.162618223292929187e+00 2.974036859045829928e+01
6.414127387432499994e+00 5.404190306682139955e+00
6.268514774591549710e+00 5.270629295828290317e+00
-8.611054822387760765e+00 5.541230447309089868e+01
-1.239310637670100057e+01 6.254184067788349921e+01
-1.169741364969799946e+01 4.356584061214000059e+01
-2.005878316317170018e+01 4.310811071362950031e+01
-1.311708961875610058e+01 3.648647628759219685e+01
-5.376147363049559758e+00 1.635025027152849830e+01
-5.384630317493580343e+00 2.263562869429259905e+01
-1.189479873857639980e+01 6.327064350122869740e+01
-1.760882961653729950e+01 4.212086379824020099e+01
-1.651917433031310001e+00 5.133275684861089871e+01
-3.738013498330619910e+01 7.209774320212329712e+01
-3.734962033139579773e+01 7.208968931992309592e+01
-1.759186825465640069e+01 4.209412253951789751e+01
-3.737027032278489713e+01 7.209432194198529942e+01
-2.733736142521529899e+01 5.638141554237900266e+01
1.850732679612179910e+00 1.794014398084490125e+01
-2.397092206958820171e+01 5.318960540763239919e+01
-1.607511548922160083e+00 5.120496667573039673e+01
-1.808935258985529870e+01 4.220971191877639939e+01
-5.278140550265439934e+00 1.639072912590809850e+01
-1.615591739251510006e+00 5.121166474599019836e+01
-6.432291807895699876e+00 2.061421001007730069e+01
-1.660536774288460027e+00 5.123852454955879665e+01
-1.625457640922280067e+00 5.122169982878170202e+01
-1.666961588098899938e+00 5.121748489849780128e+01
-1.759739520482730057e+01 4.207863347357230310e+01
-9.279797266747399576e+00 2.006560500514790135e+01
-9.255473008940230173e+00 2.004770963320790145e+01
-9.275477046538959769e+00 2.003230485508399994e+01
-1.809469694590249844e+01 4.221973295449510033e+01
-2.096158505076020084e+00 1.939771674106830091e+01
-9.193753525182659203e+00 2.007727695716450000e+01
-1.717779702678150056e+00 5.115786213568780028e+01
-1.738436870217090036e+00 5.117350086641820184e+01
-1.720490889271429902e+00 5.115676748296200316e+01
-1.735719750717050092e+00 5.117570463888350218e+01
1.579048939880860036e+00 3.517861534018539960e+00
-1.635828401102040086e+00 5.130605113840479703e+01
-2.004973251338379825e+01 4.311137117078710190e+01
-1.662993080000920054e+00 5.128512227037690252e+01
-3.722391605625580269e+01 6.414604391628779467e+01
-1.494406997813939952e+01 5.054310066344640262e+01
-3.722399061118139940e+01 6.423367733424160519e+01
-3.724466981692369671e+01 6.423720009865519387e+01
-1.814594493269439823e+01 4.613440740891270053e+01
-1.664541694425220042e+00 5.133282430213220238e+01
-1.511155413804270076e+01 6.849334217115729473e+01
-1.512775389941650062e+01 6.849345414886620631e+01
1.832586479159999948e+00 1.793135998118440000e+01
-2.043662857039770131e+00 1.939854587153579857e+01
-1.514401502058499993e+01 6.848469284877829466e+01
-1.513853840188200017e+01 6.849574714429959954e+01
-2.390112542668650164e+01 5.323675160208620127e+01
1.193323599365879950e+01 5.664333744608519794e+01
-5.325367960149829827e+00 1.636437937445570157e+01
3.881205123416609837e+00 6.048984689413239835e+01
-5.306727620145889723e+00 2.281153347860039915e+01
-2.070653009054599814e+00 1.942863558169310068e+01
-2.089888628808080018e+00 1.938548314382139992e+01
-1.313352448113480087e+01 3.645996522089979663e+01
-1.313147584269739987e+01 3.649655384917230094e+01
-2.061638570133129900e+00 1.942193288567759879e+01
1.209593686659320078e+01 5.581973611008520209e+01
1.215228458326850003e+01 5.570528139999930062e+01
-2.294204297256450076e+01 5.946526579339099783e+01
1.210594617011959961e+01 5.560674302702580007e+01
-1.603472463779380019e+00 5.128591357296429720e+01
1.207633827230979939e+01 5.564234764210929995e+01
-6.266223958567129770e-01 1.865577197376410012e+01
-2.006416585587239965e+01 4.311258736899959843e+01
-1.602764117321870074e+01 4.543392679552169966e+01
-2.104463284017230151e+00 1.936781525754140176e+01
1.588000966693740024e+00 3.494527229234110077e+00
1.216775283586409984e+01 5.574404291789650046e+01
-1.159530889067420034e+01 6.265530551179499952e+01
5.005314294637649652e+00 7.761669148195069923e+00
-3.758519814370770007e+01 6.393869416820209750e+01
-1.922278447454149841e+01 4.805558537567829802e+01
-3.737859821997520271e+01 7.206999642674999507e+01
6.265654789997499918e+00 5.238478921553589629e+00
-3.742177110425379993e+01 7.207151457242760273e+01
-3.740527268965490038e+01 7.210352768797289968e+01
-3.735646058489420085e+01 7.212746988754720689e+01
-5.767035595422429850e+01 3.552117813762369991e+01
6.236190902211990128e+00 6.996478385401889710e+00
-3.725606202565229808e+01 6.427058576494499675e+01
-3.728751310421149867e+01 6.399134508857599712e+01
-3.727050070642499691e+01 6.426739409976920570e+01
-3.727068899884029918e+01 6.424742892280730189e+01
-3.721333143901529894e+01 6.421804702249120567e+01
-3.721480683462839778e+01 6.415705081105420504e+01
-3.717307187670360236e+01 6.418993582533019548e+01
1.556421843128920068e+00 3.525735858214550156e+00
-3.739712331459539740e+01 7.210899695543569976e+01
-1.484278434938030067e+01 5.058344713902379652e+01
-9.293684907314309740e+00 2.001467083979629891e+01
1.556324035126249949e+00 3.505773074966390013e+00
1.553261869543520080e+00 3.435916664408050103e+00
-1.490022780143140047e+01 5.062377091747990221e+01
1.574249769857680059e+00 3.463540603715459909e+00
-1.487154409201379934e+01 5.059806331347670039e+01
-1.488967168213510028e+01 5.058487716227399744e+01
1.544244649256409918e+00 3.445942481240260147e+00
6.277141941967130379e+00 7.035116453300229722e+00
-2.691156803522610019e+01 5.697466721103010201e+01
-1.888225286328369990e+01 4.204463384988069663e+01
-1.888669373011400054e+01 4.205464880341010314e+01
-1.886962305936220119e+01 4.204343275174729655e+01
-1.889856615835359932e+01 4.203587915288049714e+01
-1.889838043776279974e+01 4.206138896575760100e+01
-1.488971723693190086e+01 5.057822236229200286e+01
-1.889156250206849919e+01 4.200588027910890077e+01
-1.887354060148799917e+01 4.200131238380590304e+01
-1.887534602106359927e+01 4.200132552278650166e+01
-1.985779134295579951e+01 4.697214559991289917e+01
-3.149854980290060169e+01 6.226811901903290192e+01
3.862634826202000049e+00 6.056313944382829817e+01
1.158154698250229941e+01 5.658478886923290219e+01
-5.384814803346349876e+00 1.641795510305979988e+01
-5.391113981371569608e+00 1.642464564623870160e+01
-3.734886764846000062e+01 7.207415215144119713e+01
1.201948617614420023e+01 5.562370773878180330e+01
-1.679433374504520060e+01 4.240902207943520352e+01
1.218407615853010029e+01 5.577060067733010129e+01
-5.303848870537009930e+00 1.632765640777209981e+01
1.218837315281279920e+01 5.571512737591520192e+01
1.515086198187080013e+00 3.416140535556710045e+00
-1.255034866433429919e+01 6.314295541201669693e+01
-1.990291789416000157e+01 4.697026131745659683e+01
-1.986582906655389991e+01 4.698329701255219959e+01
3.881441094872080111e+00 6.053975809436990119e+01
-1.484040290229090076e+01 4.009506028998740135e+01
-2.006063770222809950e+01 4.310146934813260344e+01
-2.293926060777970122e+01 4.752014292239439897e+01
-2.739531697145730149e+01 5.634861846503199700e+01
-2.685905112672169892e+01 5.711399810093639928e+01
-9.540284820635569929e+00 3.280336640190289899e+01
-1.996891847876259973e+01 4.695189410980560041e+01
1.227927211479540048e+01 5.568040134447159772e+01
-1.253233799387900049e+01 6.314283643518110267e+01
-2.292018650071980090e+01 4.753663309817709859e+01
-2.291204996845830166e+01 4.753878844578610341e+01
-2.290655113250020136e+01 4.754983785062839985e+01
-2.294084134757369853e+01 4.754899441716730024e+01
-2.294005097933060000e+01 4.753456866956869931e+01
-1.483628192646449939e+01 5.061113229427670035e+01
-2.005070911388930099e+01 4.310139573693140136e+01
-3.623176177413380117e+01 6.692213518909500181e+01
-1.887981920827749960e+01 4.200690398290100092e+01
-1.995276922233109929e+01 4.693957328437269894e+01
-3.623414182020299990e+01 6.695654493624209636e+01
1.567024044973249985e+00 3.469121344305579946e+00
-1.492812348610070039e+01 5.063283543883309790e+01
-6.193818402488829866e-01 1.865573454544830057e+01
-2.042567829240419996e+01 2.579444170539219883e+01
-1.990493588106150114e+01 4.694143726713019760e+01
3.844101591287699904e+00 6.064419600987709913e+01
-1.603320204390429993e+01 4.541289110838300047e+01
-1.604584276262740161e+01 4.541186996085009753e+01
-9.551279802922980622e+00 3.277903345744309860e+01
-2.005338401931879844e+01 4.310585231170149711e+01
1.547762406011750080e+00 3.423743841939140164e+00
1.565004386699760053e+00 3.426986577065199935e+00
-1.975541305354270083e+00 6.439051856458330292e+01
-3.630126907781350099e+01 7.027724398977960618e+01
-3.645846026509479998e+01 7.030866403670930254e+01
-8.082381717533509757e+00 5.460159271042329721e+01
-5.432744663439029864e+01 3.686061085425500039e+01
6.205334706209430173e+00 6.986632006959520247e+00
-1.483709368068480039e+01 4.005067104412240298e+01
-1.813094161699880047e+01 4.608771351398709726e+01
-1.813175602650920126e+01 4.609992042579639815e+01
-1.813555693459349882e+01 4.607332734202449842e+01
-1.813444691526019881e+01 4.610215818098279783e+01
-1.603125059136599972e+01 4.543395192810240246e+01
-1.478433252100590067e+01 4.010798829168219726e+01
-3.452875482029119780e+01 7.112943415968959471e+01
-2.399740276920439896e+01 5.394740799412090126e+01
-8.155922235436209533e+00 2.980133052712400143e+01
-2.292028965171099841e+01 4.752332347977949922e+01
-1.487957700434670016e+01 5.061031932789649801e+01
-3.637779666171360304e+01 7.027352188119709808e+01
-3.637647391664179963e+01 7.022248252546789615e+01
-3.635478441366269919e+01 7.023226335335239412e+01
-1.492241087153569978e+01 5.054517066346109999e+01
-3.628529986348179648e+01 7.025269066185740030e+01
-3.625294623011659922e+01 7.034445904774129588e+01
1.619482646370770107e+00 3.443355934701390009e+00
-9.572001587698290237e+00 3.278914428198760334e+01
-2.672749815102709903e+01 5.700088517904279684e+01
-2.005969398507900081e+01 4.310700828089429848e+01
-2.389293271376039840e+01 5.324667000390500249e+01
-2.730692080131310107e+01 5.635676063006459913e+01
-2.005965286682430104e+01 4.311255390609149885e+01
-2.078815688149130203e+00 1.942535180873609946e+01
-2.692833456192419916e+01 5.701806514173789964e+01
-3.463471526066759765e+01 7.105497224778309828e+01
-3.468615355691520108e+01 7.103880392338659533e+01
-3.461764023920080291e+01 7.105259746053400249e+01
7.862371405106389766e-01 1.757386597299580089e+01
-1.807213775908419962e+01 4.221846161062040181e+01
-1.603392676108050097e+01 4.543840728102949811e+01
-1.602498044359530027e+01 4.542725319337189660e+01
-1.806942172872109964e+01 4.221955126976410355e+01
-1.805759914103100172e+01 4.223166728166680173e+01
-1.807587605427530164e+01 4.220074161202129659e+01
-1.807741835201549918e+01 4.223735561128940219e+01
-1.567063097326550025e+00 5.118034944000049791e+01
-9.542871932057780171e+00 3.282334700649789738e+01
7.736368866086700269e-01 1.758834733594670041e+01
7.909185648809650138e-01 1.760489719375360096e+01
7.692054807292879604e-01 1.760722416162069948e+01
7.763746429265010462e-01 1.759277000036649952e+01
7.774409574614260521e-01 1.762492842382430069e+01
7.910129966167149806e-01 1.762375134184679837e+01
-2.296819825160180173e+01 4.751149368879620027e+01
-2.292832303711600161e+01 4.753447775803370234e+01
8.171963961684960420e-01 1.761031109577880116e+01
8.152916677430039893e-01 1.759146601034790081e+01
8.089110134758520365e-01 1.758262519048529882e+01
8.125317223055169569e-01 1.758260706425459929e+01
8.161801891917710439e-01 1.758813427685529973e+01
4.955542880368190239e+00 7.576679351784750160e+00
5.011957220440439897e+00 7.627441506336910315e+00
4.988306142707010338e+00 7.607585138252470180e+00
8.151861850601850312e-01 1.757039372851890136e+01
-1.241943614194440038e+01 6.332954640083200104e+01
-2.738743532605030140e+01 5.632082245051670100e+01
4.294180479277920348e+00 6.192316112547690210e+01
-2.045565401860660160e+01 2.577691745736079909e+01
-6.094972196464020442e+00 2.042148351516389937e+01
-5.988458795914190169e+00 2.053177902041790048e+01
-1.603024011440099983e+01 4.544947340373460065e+01
-3.621836981590929838e+01 7.038517983009430168e+01
-9.249192942695460218e+00 2.003879809883660101e+01
-1.601581790976560171e+01 4.544715463232620323e+01
-1.808584549043440148e+01 4.219526737711019848e+01
-1.809190117387469954e+01 4.223191382603909716e+01
-8.238944047167429119e+00 2.982512406731120080e+01
-3.451912113635049906e+01 7.110050490564850634e+01
-2.734837838506230057e+01 5.635710367181520297e+01
-1.485956040273389966e+01 4.006635254001380275e+01
-1.485506857699970062e+01 4.006299441300190267e+01
-1.483961339921950007e+01 4.007841739931470215e+01
-1.494090855271359963e+01 5.060963012889679646e+01
-9.535711618506180542e+00 3.281221118324300079e+01
-5.786428804264929937e+01 3.314842202802889659e+01
-2.042865451282710154e+01 2.575897073136360049e+01
-2.046440153373449888e+01 2.581691201262080071e+01
-1.251342679013469983e+01 6.314271154934679942e+01
-2.044110213319790148e+01 2.566589380281839894e+01
-2.045253829008320068e+01 2.570923574441950166e+01
-2.046695071228079854e+01 2.571710674387400175e+01
-1.806521008331019829e+01 4.606838413660739917e+01
-2.045184735802810039e+01 2.580239984852120116e+01
-1.492934440221899983e+01 5.058625801312879844e+01
-2.046782975922440073e+01 2.584244806912489878e+01
-1.603837673908009975e+01 4.544731170539699860e+01
-5.338941112008120271e+00 2.271522417437050123e+01
-3.455645698706000246e+01 7.105203792590459955e+01
-3.457967815454109939e+01 7.107110796035919975e+01
-3.451661445401269646e+01 7.107940572639600418e+01
-1.807400690492490014e+01 4.220960161108990150e+01
-1.808223473513140078e+01 4.219524142147599832e+01
-2.469514144398149824e+01 5.384201847458299994e+01
-2.732454203087389999e+01 5.640571251213970072e+01
-4.899382954810359792e+01 3.414316571981969872e+01
-5.352675647146529769e+00 2.268646555422990119e+01
-3.454925141208259731e+01 7.095435563158099512e+01
-2.045160881866939917e+01 2.583456364937779881e+01
-2.041654419065670112e+01 2.580657472741420122e+01
-2.040332364203390014e+01 2.563788483332799828e+01
-2.735444692365039998e+01 5.627728937874729809e+01
-5.940644639774459890e+00 2.034960836495600134e+01
-1.482969660668010015e+01 4.007613147758929983e+01
-5.343350472106370042e+00 2.273521342942029833e+01
-3.451120360056000180e+01 7.117919127694840142e+01
-2.048244768287240092e+01 2.582259168235169966e+01
-2.730004105623670085e+01 5.631677146521680299e+01
-1.484062213765290039e+01 4.006289593320290265e+01
-3.734688988301500245e+01 7.209299134480910709e+01
-3.459710505717590223e+01 7.113338689923010350e+01
-3.459682098794299776e+01 7.116444408430480451e+01
-3.463202258147280332e+01 7.115256407375349568e+01
-3.464312403688590081e+01 7.111938732333020141e+01
-5.402066141517080311e+00 1.640918061648590154e+01
-3.854039993974780032e+01 6.575702476477529501e+01
-1.312978669241829976e+01 3.647879616461369778e+01
-9.204782547551319638e+00 2.019712959963040078e+01
-9.210505228360940322e+00 2.000195960752390079e+01
1.146450024604130036e+01 5.661296828422229765e+01
1.145187516940180039e+01 5.661079871601749858e+01
-2.049362104961859998e+01 2.577941744517400124e+01
-1.187988085113300052e+01 4.368237590680639926e+01
-1.189244426600219917e+01 4.369354909691539746e+01
-3.853675621176000021e+01 6.576142698451920410e+01
-3.853360900367280095e+01 6.580798668459850376e+01
-3.858754196901990241e+01 6.581737779325480631e+01
-3.857388863799800305e+01 6.583277687228749642e+01
-1.602582101924570068e+01 4.543613248103069679e+01
-1.480167645342739924e+01 4.008037723720310197e+01
-3.854561047990220146e+01 6.577704176613920595e+01
-9.526730259979320437e+00 3.280328236123079932e+01
-3.855205828733949858e+01 6.585586258926569769e+01
-1.677569013166969825e+01 4.236452375195410269e+01
-1.678891775412790111e+01 4.240898393749959894e+01
-1.675583139882850148e+01 4.236438395775900290e+01
-3.849249008693210072e+01 6.587082193807189867e+01
-2.733169515000970051e+01 5.630372258884460024e+01
-3.852473066520720124e+01 6.588887923720899664e+01
-3.857886514638769881e+01 6.587719587005300070e+01
-3.852271758057040074e+01 6.591104559984199796e+01
-2.735740008493300124e+01 5.635606911843739653e+01
1.479788059616520046e+00 3.428513477702160195e+00
1.147789816794029960e+01 5.658186056857930168e+01
-9.522157071480640056e+00 3.281212714941150210e+01
-9.522978203923440077e+00 3.282544194693859652e+01
-1.189125381384489977e+01 4.373790802316000281e+01
-1.186850773658390068e+01 4.362684381156090296e+01
-2.733501564394229888e+01 5.633813617879759761e+01
-2.731736876265080127e+01 5.640121624314510029e+01
-2.039758538438830016e+01 2.580199758781069974e+01
-1.485506857699970062e+01 4.006299441300190267e+01
-1.480993856644460038e+01 4.006046851071670289e+01
-1.184317924969700009e+01 4.363555286642070286e+01
-3.844504850647609828e+01 6.593581542606740697e+01
-3.845320417238109911e+01 6.593034707211380407e+01
-3.842909805501950160e+01 6.590904001970170611e+01
1.179516111011260016e+01 5.659284329010549897e+01
-1.303382579792969942e+01 6.572950003798909790e+01
-9.526482731369030788e+00 3.284320994934299875e+01
-9.529489304788990367e+00 3.279553547027990135e+01
-1.304113889208579913e+01 6.571291070452379302e+01
-1.995276100166550037e+01 4.694068241570840172e+01
-1.944454808877869922e+01 5.627860315916269940e+01
-1.948983973567399985e+01 5.624787959168759954e+01
-1.959785951761699963e+01 5.614441218240089881e+01
-1.301182014064960057e+01 6.578925049153110649e+01
-1.299185917410440005e+01 6.581241080476110028e+01
-1.298271617869930061e+01 6.583342481373300359e+01
1.179520348538139984e+01 5.660393456417180147e+01
-1.298932836865109941e+01 6.578688219033550411e+01
-2.675258516978340140e+01 5.712865245910550271e+01
-1.939750517327550128e+01 5.642467155978879845e+01
-1.935465454942179875e+01 5.636889543509899880e+01
-1.301301612555150022e+01 6.574489019966920011e+01
-1.675394019220160047e+01 4.237657158336789820e+01
-2.668384050107810168e+01 5.693951937500950322e+01
-1.887064499105620019e+00 6.359919629809070329e+01
-1.850663140031679976e+00 6.366998755526640252e+01
-1.845140853850000040e+00 6.369214137899039940e+01
-2.005428661780230115e+01 4.310585900344700150e+01
-2.006234421225260078e+01 4.311479223365569879e+01
-1.884010310662679988e+00 6.366462136538749661e+01
-1.993581633540690135e+01 4.691393622869720303e+01
-1.885918873722369993e+00 6.364466644030900255e+01
-8.937888738295349356e+00 2.033413554302140014e+01
-1.310940390324729954e+01 6.573665954409490553e+01
-1.991569662066369872e+01 4.695039050922679991e+01
1.205072832623569923e+01 5.554373107724450165e+01
-1.859392908876940087e+00 6.372105680043720355e+01
-1.824787197451980036e+00 6.379296702110020334e+01
-5.867680975211089667e+00 2.060539281340360063e+01
-2.685621253721799917e+01 5.702079949922109847e+01
-1.300421303945859997e+01 6.571488295185980633e+01
-1.302345144304990043e+01 6.566509689317879861e+01
-1.859691713091339960e+00 6.366559948229929944e+01
-1.880366590071699928e+00 6.367236597370119711e+01
-1.995865486102639919e+00 6.429523891482550368e+01
-1.881374674779300094e+00 6.365240619374210240e+01
-1.604755477448239986e+01 4.542519203796420157e+01
-9.565524741740549786e+00 3.281350523042070222e+01
-5.605803208262800297e+01 3.366111393077350300e+01
-1.819318788894040084e+00 6.380513854501720061e+01
-3.639250278392459848e+01 7.033688846823430652e+01
-3.638455984884969752e+01 7.032017497016579455e+01
-1.603840763531239944e+01 4.544287520280010284e+01
1.188773990772959976e+01 5.700176413631530181e+01
-5.416373860266530116e+00 1.644031717055479902e+01
-3.636090504967179982e+01 7.034768592584549651e+01
-3.634528664954339661e+01 7.038192772852769963e+01
-2.398188086248899964e+01 5.317194438794810196e+01
-5.360001612511060110e+00 2.267097975497039997e+01
-1.485937890938610018e+01 4.009297131842279782e+01
-1.484676856039309989e+01 4.008844867747180274e+01
-1.483072800349370013e+01 4.005728266349429845e+01
-5.255953342387749672e+01 2.868322371736909915e+01
1.577838196141180038e+00 3.455759540337600022e+00
-5.254764497752830010e+01 2.869529439330570142e+01
-5.252099659963879930e+01 2.873382460670829985e+01
-5.250909602753470296e+01 2.874700446834179957e+01
-2.688700993771600167e+01 5.689238220407670354e+01
-5.254511632267730192e+01 2.867862740393359999e+01
-5.304563986668539677e+00 2.271502804348899929e+01
-5.253025830866089763e+01 2.871395999578480129e+01
-5.355408634814549984e+00 2.268315380844940066e+01
-9.505809137001229203e+00 3.282533553198400256e+01
-1.882233291301530054e+00 6.366017507189369695e+01
1.199935485836829940e+01 5.554392594195159916e+01
-1.568706429648140066e+01 4.965421834452119754e+01
-4.963235156439679940e+01 7.290347081436119936e+01
-2.690486046724370084e+01 5.691360441114849777e+01
-2.689540832405380044e+01 5.707658334861179839e+01
-4.949648905389049958e+01 7.290421331676100181e+01
-1.562919232425909932e+01 4.954511707934359777e+01
-4.948874194458910125e+01 7.287195848535840526e+01
-1.563152931922829936e+01 4.959837416957319789e+01
-1.564780244143820020e+01 4.959294098820910079e+01
-1.562094433354159939e+01 4.956391610048989804e+01
-1.565992208259720009e+01 4.966623122770570120e+01
-2.674968129822039842e+01 5.715303165544519715e+01
-1.565181248372599931e+01 4.966506583952759968e+01
-1.566343751276779983e+01 4.967956582164720203e+01
-1.565162032855059948e+01 4.969279414990540289e+01
-1.568542964051789923e+01 4.962980492470550331e+01
-5.280824919102999893e+00 1.639628992204600166e+01
-4.978700328088130078e+01 7.282971882942689490e+01
-4.970067133694819717e+01 7.274336020570710559e+01
-4.964837340400929833e+01 7.275388470720309897e+01
-4.956300285787509807e+01 7.282728225302649605e+01
-4.960903919929690176e+01 7.281336118418579417e+01
-4.967123914178949917e+01 7.288503501198259471e+01
-4.963323909624610053e+01 7.290458980030850000e+01
-1.242870242174640083e+01 6.301681288044340334e+01
-2.692829151179460112e+01 5.691379723078849651e+01
-4.956895484173980293e+01 7.277631749382339876e+01
-2.668436908508130045e+01 5.709481572643989722e+01
