-6.507208110920620348e-01 1.872133347904679823e+01
-7.351790097547350467e-01 1.866631573771730146e+01
-5.905315058366750414e+00 2.035605924760459828e+01
1.331589127971150033e+00 2.040156577616420108e+01
-7.092306998358689496e-01 1.860850812017680056e+01
-1.163632004039870083e+01 4.366194309390709805e+01
-1.759900281459740157e+01 4.210637438431240298e+01
1.352547185515410000e+01 9.857729820315260127e+00
-8.259139500826009339e+00 3.350647356158680168e+01
-2.018370256359399928e+00 1.938953826047670148e+01
2.191360122541719857e+00 3.898276047132439714e+01
-1.569698543667039914e+01 4.965428714216970008e+01
-1.958147282542660150e+01 5.616647517482469709e+01
-1.952773324196769877e+01 5.624261336602639716e+01
-6.380499318683290344e-01 1.872126794808449901e+01
-1.886002416428160089e+01 4.199788648666999791e+01
-2.310273447442219918e+01 5.919364930351679988e+01
-2.382760769280140023e-02 5.403498754190510311e+01
-3.843811347607370266e+01 6.581372803971919438e+01
-1.654258948337339996e+00 1.961608118076760121e+01
-8.442927051682319828e+00 3.344769517324120045e+01
-1.970262535739490062e+01 5.623725165821709737e+01
-1.677379889755469833e+01 4.237671137367699714e+01
2.158876913184359925e+00 3.880324034709389736e+01
-8.347877208313379427e+00 3.347595560406239912e+01
-6.121239149525409928e+00 2.057358419036589936e+01
1.303596057339169967e+01 9.777419137370770841e+00
3.890941874714390014e+00 4.265914751089690071e+01
-1.887142847030899873e+01 4.204344589004710286e+01
-3.757915856483540296e+01 4.729417069129129914e+01
5.012445697465969907e+00 6.084393970329170287e+01
-2.312611600249839938e+01 5.919937784030059902e+01
-2.313507359844329869e+01 5.920610307801189975e+01
-2.309115308207029926e+01 5.929227972552460102e+01
-2.314094679763789841e+01 5.914625092764200076e+01
-2.290757257168500161e+01 5.914776019340889945e+01
-2.307357815784409993e+01 5.946629054714509977e+01
-2.299774486048509914e+01 5.948566550902420147e+01
-2.301349265551240109e+01 5.943032708466240166e+01
-2.300901393111870163e+01 5.942696452454519829e+01
-2.306418685900819909e+01 5.939966398125930169e+01
-2.297272353570220105e+01 5.934349022616869718e+01
-2.301698402521720155e+01 5.944477417530730179e+01
-2.501156996796089871e+01 5.384454553540980015e+01
-2.488917540011910035e+01 5.393008572255349975e+01
-2.279386110642019858e+01 4.765544870111580167e+01
4.680986231595920088e+00 4.055588908284479999e+01
-3.687822514143800134e+01 4.679620527523619700e+01
3.251373337211549863e+00 4.179705251083289852e+01
-6.275561334731170060e-01 1.865023130213749880e+01
-1.675473357305720157e+01 4.239210563205419646e+01
4.173260250368159952e+00 6.187381582160109872e+01
1.131524917610600056e+01 4.924886871018490098e+01
-7.912783681281139458e-02 1.686620285145610154e+01
1.322879031035390085e+01 9.737905471262520152e+00
1.322592463870470070e+01 9.696880481903439986e+00
-1.173847622508320043e+01 4.377573863422129818e+01
-7.252634772288729659e-01 1.865850066231839932e+01
1.343046312386329966e+01 9.637365932831540860e+00
-1.956388986833919930e+01 5.622846080983850214e+01
-1.975457737537690051e+01 5.628089567421660178e+01
-3.635600390996849995e+01 4.657726358352280016e+01
-1.942375395380539871e+01 5.628732344273660004e+01
-1.143955420470880036e+01 4.366289233310200046e+01
-1.979530628926659830e+01 5.625790429460540309e+01
-6.280626927089530298e+00 2.055232637512959926e+01
6.055906111865300367e+00 7.010578853987159853e+00
6.037883728617280177e+00 7.033948629224210158e+00
-3.687286857394109774e+01 4.601635741265349822e+01
-3.690805937427379746e+01 4.601668578656720143e+01
-5.302217014099880110e+00 2.280928952010809851e+01
1.310947167726549978e+01 9.561995009845119853e+00
-1.186912002463460070e+01 4.325416808002859881e+01
1.314508925772550008e+01 9.640609776798170216e+00
-3.689598022024379986e+01 4.682742981573100138e+01
-3.551054036547849790e+01 4.588506479429550211e+01
-3.756369284113969798e+01 4.577324933656350225e+01
1.385145384116940015e+01 4.998587329339240171e+01
-8.937704533848739530e+00 2.006794572885380035e+01
-2.289817360900109833e+01 4.781598134484610085e+01
-6.168914930228139859e+00 2.062266144088939868e+01
-8.680468522636859419e+00 2.857559283365500136e+01
9.141742571296990860e+00 1.170219519499639915e+01
5.888302107909749949e+00 4.625133963878130317e+01
-1.890799512717120123e+01 5.150731415307990346e+01
-1.893140785623389988e+01 5.151192198597310323e+01
-1.886785418743880172e+01 5.144712440179200286e+01
-1.897171025083819984e+01 5.154992927873549746e+01
-1.251216780294729958e+01 6.292419069579430158e+01
-7.777473989556890288e+00 5.508556319895429709e+01
-1.679166480430630060e+01 4.240345740216780257e+01
-8.301857321759630537e+00 5.467946303695349997e+01
-3.732820557150739660e+01 4.624912142380510005e+01
-1.885808072860070084e+01 5.142708751934019773e+01
-1.898585268400960047e+01 5.146573368632930112e+01
9.152931534338799580e+00 1.178089383325309925e+01
-1.285577381371190064e+01 6.610433562617889436e+01
-1.895724831076010020e+01 5.143113943309710123e+01
1.321391531495279992e+01 9.632598123628179465e+00
1.306220933251150029e+01 9.770669708319470459e+00
-1.162822565520060003e+01 4.379720901678319933e+01
-3.765761807806300254e+01 4.672364751140450068e+01
-3.684748841792620055e+01 4.641544802618030019e+01
-1.765425739202530053e+01 4.208014843272599848e+01
-9.007425221917390701e+00 2.006171707244450175e+01
-1.890686959145919843e+01 5.129101250309680182e+01
-1.891017688173450040e+01 5.133207694526299747e+01
-1.895198183986709850e+01 5.128801450957590191e+01
1.342327794894150017e+01 9.908002834028099670e+00
-1.905635086569069969e+01 5.144406557068879948e+01
-1.886009469070269873e+01 5.139826309702780094e+01
-1.992865619020929913e+01 4.690611883120009651e+01
-1.874996360954790120e+01 5.128986792388229787e+01
-1.992900781238920160e+01 4.698043731415779689e+01
-1.880425105054380097e+01 5.138898212280260225e+01
-1.891553633115049848e+01 5.121565042029320125e+01
-1.307730927886269967e+01 3.649175909121429839e+01
1.375378842772610000e+01 5.016368412700619928e+01
-1.970672326063570168e+01 5.617072956318269661e+01
-2.424913043652939848e+01 5.358113780821160077e+01
-1.864643888226479973e+01 5.126471196061979896e+01
-1.493660133341830054e+01 6.828249296590729500e+01
-2.848507031593650041e+01 6.981062952170610458e+01
-3.626722051078059650e+01 6.688475036626310555e+01
-1.565073378295010009e+01 4.969056963483709666e+01
-3.626687920171559654e+01 6.692135330098359702e+01
-3.278437429706769990e+01 7.038376619848610005e+01
-3.380836792387920298e+01 6.162977212893260059e+01
9.238329040410809156e+00 1.184376454262810086e+01
1.382837892522799983e+01 5.009021409556689974e+01
-1.677018041566079987e+01 4.237779507504310317e+01
-2.442115141660559985e+01 5.269512904178399992e+01
1.388886609202280020e+01 5.010774375269330250e+01
-5.357654050284179625e+00 2.276524121726399841e+01
2.424209133612920120e+00 3.858455801850740130e+01
-2.476206805523520060e+01 5.336337020009659682e+01
-7.988587583409390014e-02 1.689504321025779987e+01
1.128422719860949996e+01 4.915693075283059699e+01
-3.746298996584039998e+01 6.419599939202609562e+01
-1.213881849709900074e+01 6.258897395499560190e+01
-3.719700036044719837e+01 4.609481584213949645e+01
-1.767496404418140088e+01 4.208806053656810064e+01
-1.479968178315229999e+01 4.010809283043119677e+01
1.498672232833859930e+01 5.045548170794970133e+01
1.519755552215709926e+01 5.039930039031990106e+01
4.064581694223510233e+00 6.098145005288630216e+01
1.145068032725090035e+01 4.928494754119309817e+01
-7.969336645858129953e-02 1.693275148410999975e+01
-5.373140884243650106e+00 2.274647467673660017e+01
5.691604305789219609e+00 4.564885327610929977e+01
1.384390883284249973e+01 5.014561498360340153e+01
-3.620674271965850011e+01 6.690193506099329568e+01
-1.855161388298730007e-01 1.695103790159570067e+01
-8.580866003075259485e+00 5.533780415192809699e+01
2.512721926404919870e+00 3.821478897392280061e+01
2.648627521581309985e+00 3.830618868907870223e+01
2.753291816409559889e+00 3.828682833597760293e+01
2.526810941789999987e+00 3.814040916971769946e+01
2.256428107944609796e+00 3.825263641198910136e+01
2.394492840969120184e+00 3.878767289813789887e+01
-1.448709798270339988e+01 6.820619887771269418e+01
2.468914036473839779e+00 3.849228332433519739e+01
4.090304432043920357e+00 6.013060152383989987e+01
1.374578315415079999e+01 9.903527094189080060e+00
-8.264003455722939151e+00 3.330020290283069784e+01
-5.319213908650969991e+00 1.633218028697319824e+01
-2.691057557804720091e+01 5.698575133729070075e+01
-3.176549103921900041e+01 6.693600007287369635e+01
-1.492346963405010030e+01 6.809827272210270621e+01
2.362448572545949865e+00 3.832643152479730020e+01
6.077509680680700299e+00 6.977211749162989918e+00
1.182016344155029941e+01 5.558786451512199989e+01
-1.572704312684509986e+01 6.902782412622170227e+01
-3.267883699151590093e+01 7.051260828864950270e+01
-5.364056046944230438e+00 1.640674573901619837e+01
-1.190350688059930029e+01 4.337972691400069891e+01
-7.988587583409390014e-02 1.689504321025779987e+01
-3.153248647573780161e+01 6.784021693581020429e+01
-1.511800582332389986e+01 6.808075837343609749e+01
-1.804929169744239914e+01 4.225711871340590164e+01
-5.357445087091879721e+00 2.280184085794540039e+01
-1.306322342535339942e+01 3.643620817666410261e+01
-1.250519288165959919e-01 1.691412853648650128e+01
-1.808051705357529926e+01 4.218302810376280121e+01
-1.889414951740520010e+01 4.202253682684150249e+01
-1.887866625872310067e+01 4.204128020239439678e+01
5.163776924725040018e+00 6.182707149061420182e+01
-1.312258990124600011e+01 3.647431193673799754e+01
1.528994586613369933e+01 5.104560655703949834e+01
-3.150253649210920059e+01 6.776563327064880582e+01
2.678069700744759807e+00 3.823173494684510132e+01
5.901266303410870329e+00 4.551925291684270292e+01
-8.074644553764320776e+00 5.468806141266600207e+01
-8.267884350903560886e+00 5.492882048851760146e+01
-1.759913731218119892e+01 4.208751932199670165e+01
6.152728439036930119e+00 6.976881197736130247e+00
-2.448837673214919874e+01 5.376716506167360166e+01
5.902834860646340331e+00 4.586973225304900126e+01
-1.307767575822660078e+01 3.643630367309739881e+01
9.147528506342320398e+00 1.178867927656509984e+01
-1.228824694342729984e+01 6.273747883652149682e+01
-1.565099510971259988e+01 4.965285913315739919e+01
-1.764440686467030162e+01 4.206898633261069875e+01
-1.761434866769980090e+01 4.210648386345290106e+01
-8.624895795849440105e+00 2.849650583517919955e+01
5.652122537447019646e+00 4.569783291788449731e+01
-8.042307252646720528e+00 5.481763850997059961e+01
-8.052505547327049484e+00 5.477111507149739822e+01
5.653837233622329705e+00 4.567786077554519863e+01
5.639695164577630315e+00 4.574336341238119985e+01
-8.046766990101080097e+00 5.482542984237009875e+01
1.147740541602209952e+01 4.919833241364690224e+01
-8.939698554102619710e+00 2.033414659683360171e+01
-5.917254416116920268e+00 2.048256702449129918e+01
1.310782158094049965e+00 2.040277794297740144e+01
-3.466765860294869839e+01 7.089664702224820303e+01
-1.504487891891199958e+01 6.876463965058610484e+01
5.648453376557849737e+00 4.568453983051519884e+01
-1.316574851732720042e+01 3.650454471919219657e+01
-8.201391937906970853e+00 3.349281425131110268e+01
-2.094466874379259824e+00 1.937552563789530069e+01
6.074483571178159735e+00 6.907353763055519735e+00
-1.766416333272439942e+01 4.208354669491569666e+01
-2.093484944035119977e+00 1.938993874794289951e+01
-2.073308831161059906e+00 1.943974078526769844e+01
-1.765683087120309835e+01 4.209902283038849902e+01
-2.006413295896280147e+01 4.311702386920669738e+01
-2.467755244219949873e+01 5.356013720033180192e+01
6.109140694155880347e+00 6.957109440698750369e+00
2.320281139963190076e-01 5.646051303617839778e+01
-2.006941694425919920e+01 4.313481002895719740e+01
-1.310789562453570056e+01 3.651081694437939973e+01
-1.311244861110670001e+01 3.650530126547069898e+01
-1.707364700434609972e+00 1.967070817588779974e+01
2.068570791692470046e-01 5.647284316139580085e+01
-5.941223142695499781e+00 2.040617648261740058e+01
-1.314943105649239996e+01 3.651330999172530056e+01
-1.314656716076049925e+01 3.653658334089539750e+01
-1.166884864027360003e+01 4.337709779873539873e+01
-8.705730510655959264e+00 2.843599607559760045e+01
-2.426493234429930013e+01 5.409039312108890130e+01
-2.730424457016490081e+01 5.635341080402120184e+01
3.922515644979430061e+00 6.046303178500429709e+01
-3.626381626993529750e+01 6.686364237553769385e+01
-1.309754771616439939e+01 3.643643501927279971e+01
-3.168690065812949896e+01 6.686431529361340154e+01
-1.483608494763839936e+01 4.006619251028450179e+01
-2.450867020127779838e+01 5.302858840056420320e+01
-1.246231529971029950e+01 6.297266652606329984e+01
-6.281229102543439691e-01 1.871567112100819941e+01
3.561840272596049850e+00 5.186434906947430079e+01
-3.169124535200120008e+01 6.688210171151020234e+01
-1.681340691829580081e+01 4.239251878461519851e+01
-1.699284556933039925e+00 1.965846527284989875e+01
-1.496328093519890068e+01 6.872081720483440392e+01
6.130924847455699656e+00 6.964777199217579984e+00
-3.379593837429560210e+01 6.150985996893930263e+01
4.018585819183270402e+00 6.173367974245829970e+01
4.053795148078240373e+00 6.175126046362009902e+01
-3.177143936015389869e+01 6.687393384221759618e+01
-3.173510008547100014e+01 6.691132861732789650e+01
-3.172417101543490148e+01 6.692565276955160414e+01
-3.180029396336329839e+01 6.686864181954929620e+01
-3.179014760746219892e+01 6.689628392921810018e+01
-1.708363593929969948e+00 1.965296780648590058e+01
-1.679310715321219893e+00 1.967055973124460166e+01
-1.662945062874640056e+00 1.968489152021329858e+01
-3.173425852046980111e+01 6.690466563785730614e+01
-3.173082387136960136e+01 6.688577794837300416e+01
-3.170932702802100067e+01 6.687338679261789309e+01
-3.173649845291570060e+01 6.685476860736820015e+01
1.531047789497480105e+00 3.528078355525150034e+00
-3.625121364190599849e+01 6.686352487586950133e+01
-8.355676464198909414e+00 5.501809079544940317e+01
-8.708832807130589160e+00 2.852030910720580081e+01
1.329746392032949975e+00 2.039492030772009912e+01
2.680535465875290013e-01 5.645589139851180249e+01
-1.311972606637620054e+01 3.649758529249209715e+01
2.503312900948220232e-01 5.651476798266499912e+01
2.087164929838619953e-01 5.648392522766629753e+01
1.150424189847350043e+01 4.914055437127409931e+01
1.151500557519310064e+01 4.912498516096640344e+01
1.151395870559849932e+01 4.908727872005339776e+01
-2.005880783376600007e+01 4.310478333852999810e+01
3.602268181474939990e+00 5.183310094969719728e+01
-1.139770957983940036e+01 4.371364460577400024e+01
1.143667713649399964e+01 4.916188786363650109e+01
-1.990210604930329907e+01 4.695805419093699840e+01
-1.990031806964429961e+01 4.695582256485850081e+01
-3.618591450590079717e+01 6.691505232600819397e+01
-3.616587290617010098e+01 6.694037900090449966e+01
-3.621486597101480243e+01 6.699629923079019989e+01
-3.618452870067260108e+01 6.696717539194459334e+01
-3.619994538684809982e+01 6.695511698052659710e+01
-3.620065954386080165e+01 6.697509060539169923e+01
-1.993314258235979963e+01 4.690947964842799678e+01
1.145204007061719942e+01 4.916959262036110090e+01
-3.620715611978179993e+01 6.685756787142300084e+01
-8.832758416916479394e-02 1.683741333353290059e+01
-1.019970274054790016e-01 1.681973761011710167e+01
3.719826160007800198e+00 5.171386496655360077e+01
3.649851978007299991e+00 5.178961846549059800e+01
3.742247716309559991e+00 5.168824848544090145e+01
-3.622906122919530247e+01 6.692211001863979902e+01
1.251793753152889987e+00 2.036868833265589984e+01
-2.735477895914370094e+01 5.634606435539009794e+01
-6.429136460779120155e-01 1.865585620903040009e+01
-3.731887609340510181e+01 4.608930274087560264e+01
2.992771548890740263e-01 5.639361811084250320e+01
-3.743072561056089853e+01 7.207603655699969636e+01
3.741540132419849840e+00 5.172929030334759659e+01
3.728203751685620126e+00 5.176928272125640262e+01
3.701226783013320087e+00 5.178493847938160144e+01
-8.611054822387760765e+00 5.541230447309089868e+01
3.191663687514960102e-01 5.640571689875240224e+01
3.628306326725399877e+00 5.180968529762790098e+01
-1.239310637670100057e+01 6.254184067788349921e+01
2.978729805443440237e-01 5.647126665897059894e+01
2.996184975393120231e-01 5.646016608412519844e+01
-1.169741364969799946e+01 4.356584061214000059e+01
2.363621831306370047e-01 5.660246355576909849e+01
-2.005878316317170018e+01 4.310811071362950031e+01
-1.665923888826680077e+00 1.963499761747479866e+01
-1.311708961875610058e+01 3.648647628759219685e+01
-1.683112468068550083e+00 1.963619763497590043e+01
-5.376147363049559758e+00 1.635025027152849830e+01
1.221992844760189989e+00 2.038103632462300041e+01
-5.384630317493580343e+00 2.263562869429259905e+01
-1.189479873857639980e+01 6.327064350122869740e+01
-1.760882961653729950e+01 4.212086379824020099e+01
3.397009622728219824e-01 5.636790013662589871e+01
-3.738013498330619910e+01 7.209774320212329712e+01
-1.670454608749069925e+00 1.963391247477660073e+01
-1.759186825465640069e+01 4.209412253951789751e+01
-3.740278383114640093e+01 7.208131833429030166e+01
-3.737027032278489713e+01 7.209432194198529942e+01
2.198842817614199974e-01 5.655263590281410302e+01
-2.733668964780200028e+01 5.635367924474790158e+01
2.862483821010100016e-01 5.648907289029190082e+01
-1.692984988164210058e+00 1.965177731654560134e+01
-3.181959917392309833e+01 6.692538434208279341e+01
-2.397092206958820171e+01 5.318960540763239919e+01
1.283498005724740043e+00 2.037518569057019846e+01
-1.312258990124600011e+01 3.647431193673799754e+01
-1.739914150634489953e+00 1.967642603683379932e+01
-1.808935258985529870e+01 4.220971191877639939e+01
-5.278140550265439934e+00 1.639072912590809850e+01
-6.432291807895699876e+00 2.061421001007730069e+01
-3.394354634982129681e+01 6.162322874977390086e+01
9.265088590855770079e+00 1.174162159866789956e+01
-1.759739520482730057e+01 4.207863347357230310e+01
-3.271372143253699960e+01 7.053621439860390296e+01
-3.148605248278180113e+01 6.779765710853649807e+01
-3.150027846646370122e+01 6.781774875718909357e+01
-1.482092060641850040e+01 5.061546398619049825e+01
3.753267308011130066e+00 5.173034398935180178e+01
-9.255473008940230173e+00 2.004770963320790145e+01
-9.275477046538959769e+00 2.003230485508399994e+01
-3.395828676505399812e+01 6.168658985858920119e+01
-3.395088040143299679e+01 6.170870806033909872e+01
-1.809469694590249844e+01 4.221973295449510033e+01
-3.394346610427780320e+01 6.163210209946709739e+01
-2.096158505076020084e+00 1.939771674106830091e+01
-9.193753525182659203e+00 2.007727695716450000e+01
1.579048939880860036e+00 3.517861534018539960e+00
1.386270862054530006e+01 5.010672816211400260e+01
1.384391677338370030e+01 5.014783321498379820e+01
-3.178760347791660124e+01 6.687851332447070263e+01
1.372456292723049920e+01 5.006174913299830109e+01
1.372357738609770017e+01 5.003846094640859832e+01
-2.004973251338379825e+01 4.311137117078710190e+01
-3.722391605625580269e+01 6.414604391628779467e+01
-1.494406997813939952e+01 5.054310066344640262e+01
-3.722399061118139940e+01 6.423367733424160519e+01
-3.724466981692369671e+01 6.423720009865519387e+01
-3.151413044225419924e+01 6.777793698917659526e+01
-1.511155413804270076e+01 6.849334217115729473e+01
-1.512775389941650062e+01 6.849345414886620631e+01
1.381756471080040072e+01 5.009247109160479994e+01
-2.043662857039770131e+00 1.939854587153579857e+01
-1.514401502058499993e+01 6.848469284877829466e+01
-1.513853840188200017e+01 6.849574714429959954e+01
-2.390112542668650164e+01 5.323675160208620127e+01
3.881205123416609837e+00 6.048984689413239835e+01
-8.677381191844180108e+00 2.834043782610769924e+01
-5.306727620145889723e+00 2.281153347860039915e+01
-2.070653009054599814e+00 1.942863558169310068e+01
-2.089888628808080018e+00 1.938548314382139992e+01
-1.313352448113480087e+01 3.645996522089979663e+01
-1.313147584269739987e+01 3.649655384917230094e+01
-2.061638570133129900e+00 1.942193288567759879e+01
1.209593686659320078e+01 5.581973611008520209e+01
1.200036114133279952e+01 5.580900700020699645e+01
1.215228458326850003e+01 5.570528139999930062e+01
-2.294204297256450076e+01 5.946526579339099783e+01
1.210594617011959961e+01 5.560674302702580007e+01
-3.149037757324629894e+01 6.781766180592450155e+01
-3.148218918856330006e+01 6.782757326140159648e+01
1.204862145517349958e+01 5.570123716883220055e+01
1.207633827230979939e+01 5.564234764210929995e+01
-6.266223958567129770e-01 1.865577197376410012e+01
-2.006416585587239965e+01 4.311258736899959843e+01
-1.602764117321870074e+01 4.543392679552169966e+01
3.691399983574519816e-01 5.630896374824550321e+01
-2.104463284017230151e+00 1.936781525754140176e+01
1.583326738912379961e+00 3.465714294486209823e+00
1.588000966693740024e+00 3.494527229234110077e+00
1.512100036773209943e+01 5.042840035956960065e+01
1.216775283586409984e+01 5.574404291789650046e+01
-2.822699242930779917e+01 7.000035539071819812e+01
-8.758120432999740856e+00 2.874021823971440170e+01
-1.159530889067420034e+01 6.265530551179499952e+01
-3.758519814370770007e+01 6.393869416820209750e+01
-7.559557873146609985e+00 6.714220973836819439e+01
-7.573113272821410114e+00 6.713341812635030692e+01
-7.552263081510729670e+00 6.715769438958589888e+01
-7.526045838253460296e+00 6.717639229227179953e+01
-3.737859821997520271e+01 7.206999642674999507e+01
-7.567799752089309884e+00 6.711896644544690105e+01
-7.594971054011960376e+00 6.709140086588959662e+01
-3.742177110425379993e+01 7.207151457242760273e+01
-3.740527268965490038e+01 7.210352768797289968e+01
-3.735646058489420085e+01 7.212746988754720689e+01
-7.581402151727060001e+00 6.710241075591510196e+01
-3.151736052196350002e+01 6.782011732531709924e+01
1.525375247428510050e+01 5.048229267546400223e+01
6.236190902211990128e+00 6.996478385401889710e+00
-3.725606202565229808e+01 6.427058576494499675e+01
-3.728751310421149867e+01 6.399134508857599712e+01
-3.727050070642499691e+01 6.426739409976920570e+01
-3.727068899884029918e+01 6.424742892280730189e+01
-3.721333143901529894e+01 6.421804702249120567e+01
-2.828263057520180013e+01 6.991208328956129492e+01
1.529915676852390050e+01 5.083816789777110046e+01
-3.717307187670360236e+01 6.418993582533019548e+01
1.523654605899420034e+01 5.046127809100320150e+01
1.556421843128920068e+00 3.525735858214550156e+00
1.512062171626089935e+01 5.084321594216019946e+01
1.526810608707820016e+01 5.072403369053220246e+01
-3.739712331459539740e+01 7.210899695543569976e+01
-3.393126719681330172e+01 6.158651215443759952e+01
-7.521444766083850375e+00 6.719300243981699339e+01
-9.293684907314309740e+00 2.001467083979629891e+01
1.556324035126249949e+00 3.505773074966390013e+00
1.553261869543520080e+00 3.435916664408050103e+00
1.509683829000070077e+01 5.048283069889149743e+01
1.511754552899859938e+01 5.047277737867599967e+01
-1.490022780143140047e+01 5.062377091747990221e+01
1.574249769857680059e+00 3.463540603715459909e+00
-1.487154409201379934e+01 5.059806331347670039e+01
-3.273787918044440204e+01 7.045101630012830185e+01
-1.488967168213510028e+01 5.058487716227399744e+01
-3.274177565612870211e+01 7.041777298480739944e+01
-3.275174299116110177e+01 7.041009712687879585e+01
-3.276292527190359749e+01 7.046787910681590006e+01
-3.274854811829720092e+01 7.046553211980550202e+01
1.511307079222780025e+01 5.048277491153780261e+01
-3.275817847326349863e+01 7.049556846562259693e+01
-3.276261804982230075e+01 7.050226375646380461e+01
-3.274642152156440034e+01 7.050211905719669403e+01
1.530225306139180041e+01 5.042445225882480031e+01
-2.832147409191129839e+01 6.989466237901569912e+01
1.379718335653489980e+01 4.994170248827109759e+01
1.544244649256409918e+00 3.445942481240260147e+00
1.509312429658290000e+01 5.045178785956419887e+01
-3.394496065208929991e+01 6.146683598068079846e+01
-7.617782866904859951e+00 6.704051586254409756e+01
-2.830602694419939880e+01 6.991228033805589348e+01
-2.833958350412110150e+01 6.988150390449349914e+01
-2.825812892906730056e+01 6.993628062241569410e+01
-3.395856201549649711e+01 6.145697565728099931e+01
-2.824007576368920169e+01 6.994278420091889359e+01
-7.628584388031510066e+00 6.704058123864750485e+01
6.277141941967130379e+00 7.035116453300229722e+00
-2.819740929705649890e+01 6.998679544045360501e+01
-2.691156803522610019e+01 5.697466721103010201e+01
-3.149905691501960092e+01 6.785434367999900473e+01
-1.888225286328369990e+01 4.204463384988069663e+01
-1.888669373011400054e+01 4.205464880341010314e+01
-1.886962305936220119e+01 4.204343275174729655e+01
-1.889838043776279974e+01 4.206138896575760100e+01
5.602194975163439672e+00 4.623155185382579901e+01
-3.389545869423719893e+01 6.156178474835449776e+01
-2.825868330567200104e+01 6.997732774837500358e+01
-1.488971723693190086e+01 5.057822236229200286e+01
1.511282309535009993e+01 5.041068239150850161e+01
-1.889156250206849919e+01 4.200588027910890077e+01
-1.887354060148799917e+01 4.200131238380590304e+01
-1.887534602106359927e+01 4.200132552278650166e+01
3.862634826202000049e+00 6.056313944382829817e+01
-5.384814803346349876e+00 1.641795510305979988e+01
-5.391113981371569608e+00 1.642464564623870160e+01
9.245811518171219490e+00 1.167848258807559958e+01
-3.734886764846000062e+01 7.207415215144119713e+01
1.201948617614420023e+01 5.562370773878180330e+01
9.245928307155610426e+00 1.170731796946100012e+01
-1.679433374504520060e+01 4.240902207943520352e+01
1.218407615853010029e+01 5.577060067733010129e+01
-5.303848870537009930e+00 1.632765640777209981e+01
-2.006261560317910053e+01 4.307819110800839724e+01
1.218837315281279920e+01 5.571512737591520192e+01
1.515086198187080013e+00 3.416140535556710045e+00
1.525205233014139949e+01 5.077621765385099906e+01
1.525013496459719953e+01 5.074295033787839770e+01
9.246654403647120546e+00 1.166295217628730008e+01
9.226736418030750286e+00 1.166525101036489964e+01
-7.547003171974790092e+00 6.713436947496610685e+01
9.257770635224009226e+00 1.172390608357219932e+01
-1.255034866433429919e+01 6.314295541201669693e+01
-1.990291789416000157e+01 4.697026131745659683e+01
-1.986582906655389991e+01 4.698329701255219959e+01
1.525033983133420001e+01 5.080284261208120000e+01
1.526212355560999967e+01 5.082054837992279772e+01
1.526594678126549987e+01 5.088375567703089786e+01
9.269657809591910436e+00 1.175158474556170063e+01
3.881441094872080111e+00 6.053975809436990119e+01
1.519454985576000006e+01 5.031168953490210072e+01
-1.484040290229090076e+01 4.009506028998740135e+01
-3.275618066490149971e+01 7.051773603290369863e+01
-8.280055896000529714e+00 3.348441747706340266e+01
-8.292239220795979193e+00 3.341239717726359970e+01
-8.332879854828989963e+00 3.341597102243270001e+01
-8.220769625099029199e+00 3.342638310115920319e+01
-2.006063770222809950e+01 4.310146934813260344e+01
-2.293926060777970122e+01 4.752014292239439897e+01
-2.739531697145730149e+01 5.634861846503199700e+01
-4.279275467568359659e+01 6.551038085385640386e+01
-4.281826144755900287e+01 6.557053967144810258e+01
-4.277666019466820302e+01 6.549912590115239652e+01
-4.275772317182379822e+01 6.541241020332979872e+01
1.389970408415089942e+01 5.011214153783259917e+01
-2.685905112672169892e+01 5.711399810093639928e+01
-2.682009100520080125e+01 5.713919008261940036e+01
-1.996891847876259973e+01 4.695189410980560041e+01
1.227927211479540048e+01 5.568040134447159772e+01
-1.253233799387900049e+01 6.314283643518110267e+01
-2.292018650071980090e+01 4.753663309817709859e+01
-2.291204996845830166e+01 4.753878844578610341e+01
-2.292828864931230015e+01 4.753891429757229758e+01
-2.290655113250020136e+01 4.754983785062839985e+01
-2.294084134757369853e+01 4.754899441716730024e+01
-2.294005097933060000e+01 4.753456866956869931e+01
1.525623220818319936e+01 5.094368188324570212e+01
-1.483628192646449939e+01 5.061113229427670035e+01
6.221938822747270059e+00 7.053103309257419795e+00
-1.775659413454010016e+00 6.455581794464539769e+01
-2.005070911388930099e+01 4.310139573693140136e+01
-3.623176177413380117e+01 6.692213518909500181e+01
1.531248199027429990e+01 5.104331133479350058e+01
-3.638142711634809956e+01 7.027022797084370609e+01
-1.887981920827749960e+01 4.200690398290100092e+01
-1.995276922233109929e+01 4.693957328437269894e+01
-3.623414182020299990e+01 6.695654493624209636e+01
1.567024044973249985e+00 3.469121344305579946e+00
1.222809640366820050e+00 2.036328668182299850e+01
-1.492812348610070039e+01 5.063283543883309790e+01
-6.193818402488829866e-01 1.865573454544830057e+01
-1.990493588106150114e+01 4.694143726713019760e+01
3.844101591287699904e+00 6.064419600987709913e+01
-1.603320204390429993e+01 4.541289110838300047e+01
-1.604584276262740161e+01 4.541186996085009753e+01
-6.157615624581810332e-01 1.865571583350140017e+01
-2.005338401931879844e+01 4.310585231170149711e+01
1.547762406011750080e+00 3.423743841939140164e+00
1.565004386699760053e+00 3.426986577065199935e+00
-1.975541305354270083e+00 6.439051856458330292e+01
-3.147930390676259904e+01 6.784862390701519530e+01
-4.279093166878840293e+01 6.551258109844289379e+01
-4.279078653312119940e+01 6.552700049785620706e+01
-4.283155421953559738e+01 6.559175016794489466e+01
-4.281887141027090138e+01 6.559938753904029340e+01
-4.285351503375849802e+01 6.564632691494790606e+01
-4.278459580570220311e+01 6.551584521916279868e+01
-4.277516089189710158e+01 6.546915979865150348e+01
-4.275722098315360142e+01 6.546232350118130228e+01
-3.630126907781350099e+01 7.027724398977960618e+01
-3.645846026509479998e+01 7.030866403670930254e+01
-8.082381717533509757e+00 5.460159271042329721e+01
6.032846763084990016e+00 7.124914428097199881e+00
6.205334706209430173e+00 6.986632006959520247e+00
-1.483709368068480039e+01 4.005067104412240298e+01
-9.238074877617359348e+00 2.008087637735020081e+01
-3.392632231314880187e+01 6.163527485548569729e+01
-3.393427835829400152e+01 6.165198568495549836e+01
-1.478433252100590067e+01 4.010798829168219726e+01
-3.452875482029119780e+01 7.112943415968959471e+01
-2.399740276920439896e+01 5.394740799412090126e+01
-2.292028965171099841e+01 4.752332347977949922e+01
-1.487957700434670016e+01 5.061031932789649801e+01
-3.637779666171360304e+01 7.027352188119709808e+01
-3.637647391664179963e+01 7.022248252546789615e+01
-3.635478441366269919e+01 7.023226335335239412e+01
-1.492241087153569978e+01 5.054517066346109999e+01
-3.628529986348179648e+01 7.025269066185740030e+01
-3.625294623011659922e+01 7.034445904774129588e+01
1.619482646370770107e+00 3.443355934701390009e+00
-2.672749815102709903e+01 5.700088517904279684e+01
-2.005969398507900081e+01 4.310700828089429848e+01
-2.389293271376039840e+01 5.324667000390500249e+01
-2.730692080131310107e+01 5.635676063006459913e+01
-2.005965286682430104e+01 4.311255390609149885e+01
-2.078815688149130203e+00 1.942535180873609946e+01
-2.692833456192419916e+01 5.701806514173789964e+01
-3.463471526066759765e+01 7.105497224778309828e+01
-3.463563531401879914e+01 7.105276211106590267e+01
-3.468615355691520108e+01 7.103880392338659533e+01
-3.461764023920080291e+01 7.105259746053400249e+01
7.862371405106389766e-01 1.757386597299580089e+01
-1.603392676108050097e+01 4.543840728102949811e+01
-1.602498044359530027e+01 4.542725319337189660e+01
-8.468550757458080724e+00 3.339461219324589791e+01
-1.806942172872109964e+01 4.221955126976410355e+01
-1.805759914103100172e+01 4.223166728166680173e+01
-1.807587605427530164e+01 4.220074161202129659e+01
-1.807741835201549918e+01 4.223735561128940219e+01
-8.679888937731160325e+00 2.852235091063009875e+01
1.227400174736049898e+00 2.037657308385569976e+01
7.736368866086700269e-01 1.758834733594670041e+01
7.909185648809650138e-01 1.760489719375360096e+01
7.692054807292879604e-01 1.760722416162069948e+01
7.763746429265010462e-01 1.759277000036649952e+01
7.774409574614260521e-01 1.762492842382430069e+01
7.910129966167149806e-01 1.762375134184679837e+01
7.963829393733760087e-01 1.761152439897319866e+01
-2.296819825160180173e+01 4.751149368879620027e+01
8.171963961684960420e-01 1.761031109577880116e+01
8.152916677430039893e-01 1.759146601034790081e+01
8.089110134758520365e-01 1.758262519048529882e+01
8.125317223055169569e-01 1.758260706425459929e+01
-1.603320976722569924e+01 4.541178198279349942e+01
8.151861850601850312e-01 1.757039372851890136e+01
-1.241943614194440038e+01 6.332954640083200104e+01
1.030552828682409938e+01 5.298729241266799761e+01
1.027597614266010062e+01 5.303732152693299895e+01
-2.738743532605030140e+01 5.632082245051670100e+01
4.294180479277920348e+00 6.192316112547690210e+01
-1.221548346260099976e-01 1.694960480048829865e+01
-1.331027762167510120e-01 1.693302431280489984e+01
-6.094972196464020442e+00 2.042148351516389937e+01
-5.988458795914190169e+00 2.053177902041790048e+01
-3.347500498010780312e-02 1.694249750948560163e+01
-1.603024011440099983e+01 4.544947340373460065e+01
-3.621836981590929838e+01 7.038517983009430168e+01
-9.249192942695460218e+00 2.003879809883660101e+01
1.019349499437059947e+01 5.315300147587709745e+01
-1.601581790976560171e+01 4.544715463232620323e+01
1.020957635561209997e+01 5.311633557097609781e+01
1.016747029133770042e+01 5.318305235491369842e+01
-8.709964559444399512e+00 2.863122933353060162e+01
-8.709781930088530189e+00 2.866117482054090004e+01
1.022396553727969959e+01 5.310740495636589742e+01
1.024639777032509969e+01 5.308069601384880087e+01
1.026074278636009929e+01 5.306067423936769956e+01
1.025268200765810001e+01 5.307401608852529762e+01
1.028038656049159982e+01 5.301290286201979995e+01
1.027876483739320079e+01 5.305838405864219709e+01
1.025677512527949986e+01 5.319600514257189872e+01
-1.808584549043440148e+01 4.219526737711019848e+01
-1.809190117387469954e+01 4.223191382603909716e+01
1.024999508691220029e+01 5.307846337332249931e+01
1.022945452107119912e+01 5.312734754889780220e+01
1.016299369946490039e+01 5.319083424978000352e+01
-2.734837838506230057e+01 5.635710367181520297e+01
-1.485956040273389966e+01 4.006635254001380275e+01
-1.485506857699970062e+01 4.006299441300190267e+01
-1.483961339921950007e+01 4.007841739931470215e+01
-1.494090855271359963e+01 5.060963012889679646e+01
-1.251342679013469983e+01 6.314271154934679942e+01
-1.492934440221899983e+01 5.058625801312879844e+01
-1.603837673908009975e+01 4.544731170539699860e+01
-5.338941112008120271e+00 2.271522417437050123e+01
-3.455645698706000246e+01 7.105203792590459955e+01
-3.457967815454109939e+01 7.107110796035919975e+01
-3.451661445401269646e+01 7.107940572639600418e+01
-1.807400690492490014e+01 4.220960161108990150e+01
-1.808223473513140078e+01 4.219524142147599832e+01
-1.809110214813090067e+01 4.221748875126660039e+01
-2.469514144398149824e+01 5.384201847458299994e+01
-2.732454203087389999e+01 5.640571251213970072e+01
-5.352675647146529769e+00 2.268646555422990119e+01
-3.454925141208259731e+01 7.095435563158099512e+01
-2.735444692365039998e+01 5.627728937874729809e+01
-5.940644639774459890e+00 2.034960836495600134e+01
-1.482969660668010015e+01 4.007613147758929983e+01
-5.343350472106370042e+00 2.273521342942029833e+01
-3.451120360056000180e+01 7.117919127694840142e+01
1.221866203740590073e+00 2.035552767108940131e+01
4.365938761674740043e+00 4.192712024211739674e+01
4.406781078005730379e+00 4.197462326473090144e+01
4.380448739159739979e+00 4.194147156299739976e+01
4.402288236239919605e+00 4.197908063088870279e+01
4.356530632305600115e+00 4.184508830631619958e+01
4.342061687651850299e+00 4.183960987432020318e+01
4.323094693769879981e+00 4.183747976500909971e+01
-2.730004105623670085e+01 5.631677146521680299e+01
1.152396539234080031e+01 4.910942289478010281e+01
-1.484062213765290039e+01 4.006289593320290265e+01
-3.734688988301500245e+01 7.209299134480910709e+01
-3.459710505717590223e+01 7.113338689923010350e+01
-3.459682098794299776e+01 7.116444408430480451e+01
-3.463202258147280332e+01 7.115256407375349568e+01
-2.834098128389360127e+01 6.992921368418490147e+01
-3.464312403688590081e+01 7.111938732333020141e+01
4.408401216490189789e+00 4.193468706169999649e+01
4.396424357147949991e+00 4.188261351623950191e+01
-5.402066141517080311e+00 1.640918061648590154e+01
-3.854039993974780032e+01 6.575702476477529501e+01
-1.312978669241829976e+01 3.647879616461369778e+01
-5.338168592387170008e+00 1.634227016157520040e+01
-9.204782547551319638e+00 2.019712959963040078e+01
-9.210505228360940322e+00 2.000195960752390079e+01
-7.544456997896659800e+00 6.710884257279289500e+01
-7.510265849767660207e+00 6.710641760859779481e+01
-7.562580091600540122e+00 6.708898658850979757e+01
-1.187988085113300052e+01 4.368237590680639926e+01
-1.189244426600219917e+01 4.369354909691539746e+01
-3.853675621176000021e+01 6.576142698451920410e+01
5.608675769093039776e+00 4.626812409620499977e+01
-3.853360900367280095e+01 6.580798668459850376e+01
-3.858754196901990241e+01 6.581737779325480631e+01
-3.857388863799800305e+01 6.583277687228749642e+01
-4.328728906187460229e-02 5.410718333043899975e+01
-1.602582101924570068e+01 4.543613248103069679e+01
-3.854561047990220146e+01 6.577704176613920595e+01
-3.855205828733949858e+01 6.585586258926569769e+01
-1.677569013166969825e+01 4.236452375195410269e+01
-1.678891775412790111e+01 4.240898393749959894e+01
-1.675583139882850148e+01 4.236438395775900290e+01
-3.849249008693210072e+01 6.587082193807189867e+01
-2.733169515000970051e+01 5.630372258884460024e+01
-3.857886514638769881e+01 6.587719587005300070e+01
-3.852271758057040074e+01 6.591104559984199796e+01
-2.735740008493300124e+01 5.635606911843739653e+01
1.479788059616520046e+00 3.428513477702160195e+00
5.573598355929250125e+00 4.629268333380390033e+01
-1.189125381384489977e+01 4.373790802316000281e+01
-1.186850773658390068e+01 4.362684381156090296e+01
-2.733501564394229888e+01 5.633813617879759761e+01
-8.742954615664379148e+00 2.870685166801609967e+01
-2.731736876265080127e+01 5.640121624314510029e+01
-1.485506857699970062e+01 4.006299441300190267e+01
-1.480993856644460038e+01 4.006046851071670289e+01
-1.184317924969700009e+01 4.363555286642070286e+01
7.894930514041340400e-03 5.406809860488120023e+01
-1.105843124882090016e-02 5.406375976063959854e+01
1.316061819629980000e-02 5.404034247932020207e+01
5.936569982092359865e+00 7.281717659220100280e+00
8.605842079932339572e-02 5.401667446313710030e+01
-8.648866689081769366e+00 2.856874546975739904e+01
-3.842420393742840190e+01 6.595003662684000290e+01
-3.844504850647609828e+01 6.593581542606740697e+01
-3.845320417238109911e+01 6.593034707211380407e+01
-3.842909805501950160e+01 6.590904001970170611e+01
-1.957445130489900009e+01 5.614091151268409874e+01
-1.303651920676600007e+01 6.573062720408570669e+01
-1.304113889208579913e+01 6.571291070452379302e+01
-1.995276100166550037e+01 4.694068241570840172e+01
-1.944454808877869922e+01 5.627860315916269940e+01
-1.959785951761699963e+01 5.614441218240089881e+01
-1.301182014064960057e+01 6.578925049153110649e+01
-1.299185917410440005e+01 6.581241080476110028e+01
-1.298271617869930061e+01 6.583342481373300359e+01
-1.298932836865109941e+01 6.578688219033550411e+01
-2.675258516978340140e+01 5.712865245910550271e+01
-1.939750517327550128e+01 5.642467155978879845e+01
-1.935465454942179875e+01 5.636889543509899880e+01
1.282483141999460008e+00 2.035300873980019887e+01
-1.301301612555150022e+01 6.574489019966920011e+01
-3.437017576454669959e-02 5.408828158544940123e+01
1.413643910718380067e-02 5.405475650759090200e+01
9.646341760060749698e-03 5.405810714312689669e+01
-1.675394019220160047e+01 4.237657158336789820e+01
-2.668384050107810168e+01 5.693951937500950322e+01
1.260886695410819991e+00 2.037751601808939839e+01
-1.850663140031679976e+00 6.366998755526640252e+01
-1.845140853850000040e+00 6.369214137899039940e+01
-2.005428661780230115e+01 4.310585900344700150e+01
-2.006234421225260078e+01 4.311479223365569879e+01
-1.884010310662679988e+00 6.366462136538749661e+01
-1.993581633540690135e+01 4.691393622869720303e+01
-1.885918873722369993e+00 6.364466644030900255e+01
-1.682975652580620007e+01 4.237821468983820239e+01
-8.937888738295349356e+00 2.033413554302140014e+01
-1.310940390324729954e+01 6.573665954409490553e+01
-1.991569662066369872e+01 4.695039050922679991e+01
1.205072832623569923e+01 5.554373107724450165e+01
-1.859392908876940087e+00 6.372105680043720355e+01
-1.824787197451980036e+00 6.379296702110020334e+01
3.710788273975659912e+00 5.170947115090770296e+01
-5.867680975211089667e+00 2.060539281340360063e+01
-3.395638500807280025e+01 6.169766525261100298e+01
-2.685621253721799917e+01 5.702079949922109847e+01
-1.300421303945859997e+01 6.571488295185980633e+01
-1.302345144304990043e+01 6.566509689317879861e+01
-1.859691713091339960e+00 6.366559948229929944e+01
-1.880366590071699928e+00 6.367236597370119711e+01
-1.995865486102639919e+00 6.429523891482550368e+01
-1.881374674779300094e+00 6.365240619374210240e+01
-1.604755477448239986e+01 4.542519203796420157e+01
1.145240732180690024e+01 4.926497652151900297e+01
-1.819318788894040084e+00 6.380513854501720061e+01
-3.638455984884969752e+01 7.032017497016579455e+01
-1.603840763531239944e+01 4.544287520280010284e+01
-5.416373860266530116e+00 1.644031717055479902e+01
-3.636090504967179982e+01 7.034768592584549651e+01
-3.634528664954339661e+01 7.038192772852769963e+01
-2.398188086248899964e+01 5.317194438794810196e+01
-1.485937890938610018e+01 4.009297131842279782e+01
-1.484676856039309989e+01 4.008844867747180274e+01
-1.483072800349370013e+01 4.005728266349429845e+01
1.577838196141180038e+00 3.455759540337600022e+00
-2.688700993771600167e+01 5.689238220407670354e+01
-5.304563986668539677e+00 2.271502804348899929e+01
-5.355408634814549984e+00 2.268315380844940066e+01
-6.937193519924769736e-02 5.411840966730380131e+01
-4.061731398123080011e-02 5.410051458963660309e+01
-3.262454343150600344e-02 5.407718098532220097e+01
4.201285121450200333e-02 5.404130287115420117e+01
-7.657203660072990636e-02 5.412066519320430302e+01
-9.805188632023059681e-02 5.415072352135229750e+01
-1.882233291301530054e+00 6.366017507189369695e+01
1.632344958624450115e-01 5.657732875925820082e+01
-1.568706429648140066e+01 4.965421834452119754e+01
-4.963235156439679940e+01 7.290347081436119936e+01
-2.689540832405380044e+01 5.707658334861179839e+01
-4.949648905389049958e+01 7.290421331676100181e+01
-1.563359441840630026e+01 4.956067616989140134e+01
-1.562919232425909932e+01 4.954511707934359777e+01
-4.948874194458910125e+01 7.287195848535840526e+01
-1.563152931922829936e+01 4.959837416957319789e+01
-1.564780244143820020e+01 4.959294098820910079e+01
-1.562094433354159939e+01 4.956391610048989804e+01
-2.674968129822039842e+01 5.715303165544519715e+01
-1.565181248372599931e+01 4.966506583952759968e+01
-1.566343751276779983e+01 4.967956582164720203e+01
-1.565162032855059948e+01 4.969279414990540289e+01
-1.568542964051789923e+01 4.962980492470550331e+01
-8.430148553792500721e+00 3.332006632071040286e+01
1.250049998419830111e+00 2.038200617434129924e+01
-5.280824919102999893e+00 1.639628992204600166e+01
-4.978061574853830251e+01 7.275532374294010651e+01
-4.978700328088130078e+01 7.282971882942689490e+01
-4.970067133694819717e+01 7.274336020570710559e+01
-4.964837340400929833e+01 7.275388470720309897e+01
-4.956300285787509807e+01 7.282728225302649605e+01
-4.967123914178949917e+01 7.288503501198259471e+01
-4.963323909624610053e+01 7.290458980030850000e+01
-1.242870242174640083e+01 6.301681288044340334e+01
-2.692829151179460112e+01 5.691379723078849651e+01
-4.956895484173980293e+01 7.277631749382339876e+01
3.484696670068659907e-02 5.405021307891699678e+01
-3.153233054338739905e+01 6.785796376233780336e+01
-8.640940575893500508e+00 2.838569025760190101e+01
-3.153199918514719968e+01 6.789567577027020207e+01
-2.668436908508130045e+01 5.709481572643989722e+01
