1.47936983136419,61.535467706354,1.6039029955259,61.399307341706,311.117904528735,53.8656028082416,155.683527575471,56.0380225986505,70.5754394059724,38.7021301162698,9.82421619154066
-28.3954924898156,68.6776413035042,-28.286849928277,68.7655227583262,230.446944499733,80.0112422303939,175.105732755989,321.297887635511,85.1800978684291,10.0245715627112,11.4445803871536
-20.2625528422486,51.7225986284953,-20.1654932662305,51.8093983653318,326.87474380059,75.238841945467,175.769069701166,57.9545794931278,85.9089477631492,14.7997269749188,4.0781771861218
1.27870958501438,1.8384483470828,1.40300637788311,1.95076615290344,209.435437421144,86.7695213395053,34.7382722587223,117.197679146441,55.3248376656303,176.07084659425,31.918911004891
-8.48360419227226,71.9990823778892,-8.34953297973076,71.9000558090004,214.071566295653,64.9329678278987,166.290567598941,309.972449723547,77.6034872028107,25.7084519248483,8.06802630634953
-5.9522908871512,63.4590863803043,-5.71803928415203,63.7804071677327,309.01502035814,82.2718126374959,176.491539281771,39.4873959051284,86.5234454026372,7.74252308438016,1.65752859455401
2.59783110957498,11.2132370425835,2.75708726382331,10.9810389351338,244.729254772793,89.6851608006941,179.62997907928,334.731288048624,89.6299846657002,0.314845764761632,1.4404881448999
-20.9292365757331,37.0573866590624,-20.8404636864174,37.0967956369017,259.895036677549,82.0228219445972,135.113119215439,357.765257073767,45.6627438312162,11.1881406713327,18.1602025129655
-18.1516604898686,26.3790076423069,-18.0945164223863,26.4927188869992,39.2958374606993,64.4969889625752,17.3194962652458,301.648764388248,74.4135123173769,153.448861717627,5.20265036131292
-21.6878987402123,25.8521626360991,-21.6140207731845,25.803542560041,224.201314692242,64.2128168008898,166.588295046424,320.123574102725,77.9451212763094,26.4130565457824,20.7671056803217
-36.6146158849852,53.9273420851431,-36.6130709376664,53.8352482964993,278.874092294207,83.0711588396982,162.062180664116,11.1104992160271,72.1975883983407,7.2791447436992,13.8954205612289
16.8553302531476,49.6273824709263,16.9206649493248,49.4905849339868,151.159363098012,87.5050755673512,158.497481497718,242.14185975215,68.5188766369056,2.68129397823301,11.803917437075
-6.86993364466417,60.825638343459,-6.79950608164528,60.9618004888422,202.196697738339,74.255797131855,150.623461264824,300.881363224048,61.8265084287007,17.9274223253423,10.1650766436111
-17.1303757211501,36.1168459161511,-17.0530481024068,35.9277421279196,242.556365486678,83.5255057743068,135.562958780996,338.865733908423,45.9201817332366,9.03091821172908,5.09814512878347
-9.49585228561845,21.171724949487,-9.43106474071997,21.2437563448738,243.742734819633,63.222545854368,5.91050932256172,151.072344366847,84.7252207899,153.099515642557,14.3845911867166
-40.1460340895219,50.9870216206649,-40.0199100212388,50.7827681448553,326.562147691346,85.8064025073434,0.864941787065845,236.498892528365,89.1373741357368,175.805926324138,2.50691753147122
-22.1887283348296,49.3894991250675,-22.0984312013374,49.4646623403253,306.62654553715,60.9438187273767,178.57624855152,37.3181233932324,88.7554665619865,29.063692611723,8.14665356835948
-0.696136419837608,62.0289899533959,-0.442330582283149,61.7883631105586,306.263916941215,35.5633639143733,2.59668567335635,214.151094529603,88.4901021717564,125.535519872983,2.96802876771982
-22.2787917270273,24.5071812434653,-22.2054017619628,24.3294572974844,144.471442313719,64.5805747975411,36.9720313748765,36.5643355930178,57.0981862938145,149.253308787992,11.0085412401256
-18.1124385500053,47.3179005770921,-18.0093426414108,47.475940811337,126.747723306885,88.1846917461043,17.4585237481275,36.1769176156553,72.5505195317422,178.097093232811,15.9280555488587
-8.48804040491178,53.7445717575727,-8.36961216862787,53.4666097175218,223.765687805384,62.7101896602005,178.929551198884,314.256524599355,89.0487050846385,27.2938851960333,8.00586073350676
14.7093451138622,52.1875536167617,14.9381272917722,51.9360248382942,42.5387711987451,86.54546686993,66.4064560445735,304.683607419156,23.8307927126239,171.423140665849,18.4465679887929
12.8788161589706,53.4233009145698,13.0116568698374,53.666935234322,59.6648755434662,75.6806078789895,144.272730750268,159.752317726578,55.5430937908527,17.4547898557989,10.6892312733383
-13.1454429803281,26.9036276148213,-13.1398776795303,26.9979541601292,354.392640982425,74.5540169895365,146.767295422653,94.2910052086834,58.1129383598881,18.2802145688329,13.2257284671955
-34.6423939948678,70.8629593219477,-34.4937760031439,71.1668176228902,352.045404165896,79.6358912699521,21.3533194769662,258.022178048498,69.0117010259501,168.890359462283,2.07702738084899
-6.24921067692707,73.3264022528715,-6.01316301605936,73.8945769933015,42.6592376327764,70.615626440764,8.2231260256699,309.913159736695,82.2459714406984,160.429488913738,4.42780824072553
-24.8692061915587,60.6607680076445,-24.7930644153328,60.7874237062088,317.713056374396,60.5778062884965,172.834031347171,51.2472566258652,83.7622170914517,29.6148287851152,10.3313653631824
-17.9010152577137,29.1178435386322,-17.8680359395046,29.0578618551623,53.4914170165052,75.2524700602618,165.818477482107,147.171971825297,76.2949455957553,15.1899820747677,12.1894039348069
-36.7976489105395,63.0956404993362,-36.6400249687851,62.850686269071,247.950610049883,73.3736119410298,178.393387360648,338.410420294161,88.4605749156736,16.6325655629146,25.155968894776
-2.2843008838861,63.3495650093658,-2.26744878396649,63.4616083501233,202.955964329492,74.4312045379151,7.33706253303205,110.976684403131,82.9335424266526,164.308982261259,12.8855424336015
-20.8324435407526,39.8716643409193,-20.7249379705805,39.7414207391539,151.738734963494,78.1136713917666,14.2723739671106,58.7394353989751,76.039927896732,167.746381868418,6.13762700498607
-9.9091074851926,33.0756254537172,-9.81204792499793,33.1635714090403,123.100670315113,86.8011088092177,128.310536886495,217.140825243611,38.4233962391207,5.15158106294964,21.0583769165648
-12.6937205354873,49.577988416386,-12.4620358640638,49.6011635923921,211.597396911725,83.2753344202732,158.97313685334,304.174701887099,69.1245821539308,7.19952050329287,22.4573520569515
-15.0824501594349,41.0173601829838,-15.0290128392726,40.917101014406,348.3853773637,83.9035655123354,171.575667594237,79.2864891186236,81.6236542933453,6.16242234121169,5.88340436732985
-17.7751110442106,27.6752355482779,-17.6776707440702,27.7863312893861,328.63397295734,68.9256287855815,27.5530809595617,228.008294438166,64.4288927224279,156.507775235789,12.9925131618627
-29.1510029413188,69.1407964072973,-29.0987755076244,68.6164685302978,259.424152192397,83.755939612087,157.166198338009,352.046216170571,67.3092402983821,6.77024862100059,9.42903415830899
-7.57008141732038,67.6197883921983,-7.27187517990281,67.8147751646489,293.236233617739,81.3417878893697,179.28223225344,23.3442917810281,89.2904123955879,8.65888125010848,27.1128227730537
-25.6343728821432,55.382303143187,-25.4025110652826,55.6240725804321,343.721956256633,85.125652063841,23.7372766430329,251.58206384071,66.353812848345,174.67765523097,20.2268014388657
-39.8995035481673,47.6025767675447,-39.7811524133584,47.4353313330961,324.626229596989,86.5880122702261,15.148927078732,233.703103945359,74.8785679012598,176.46548254281,9.73539885571224
-32.5103092141634,64.5917624003026,-32.362443776855,64.6965159007602,145.150949137719,67.0931806053134,178.812506767281,235.613217551404,88.906165435985,22.9112321391672,8.66479477970102
-39.9989322364789,46.9744130172548,-39.979963211088,46.6960162227284,258.131402701053,79.6494676620968,166.76089555391,350.551887776016,76.9801557902861,10.626776940729,13.0371437384725
-18.3785969174565,35.1498966760669,-18.3308399927182,35.01173274107,247.234221908854,79.8497630010367,132.167645678265,348.244979181794,43.1485067550774,14.9328502248184,2.23870141623998
9.58524793415174,57.4200165165467,9.71369237184588,57.5772491012663,205.836535440584,70.9460442043357,163.489211403468,301.363738503194,74.4175233056269,19.8108034080485,19.6056805607251
-33.2377233020018,70.0215016484284,-33.1342871435371,70.2384235715533,27.5039246155439,85.0676168668899,7.81098939753724,296.828175098892,82.2181153119262,175.021655678011,8.54407087991743
-30.0017821812947,65.6460439231563,-29.885980693881,65.7584622385548,239.35396721894,73.3230645663308,1.19973309084196,149.009627726005,88.8507368860336,163.319610986143,21.6331463467142
-20.3332701464737,45.5310786026414,-20.1860671160037,45.6487207441995,327.544969517898,70.0974264704438,5.26132774766873,235.749435635268,85.0537245090911,160.01986882886,19.8684072378229
-21.6860761312976,33.8262268343102,-21.5736269400025,34.0597159209787,135.659855383025,64.1817926244482,31.8587990166716,30.5155074767449,61.6315232642257,150.333122128295,12.3695279888789
-20.7005495148635,58.0606793596293,-20.5156988988819,57.7997294395226,240.415059579812,81.6232681994808,153.200329719964,334.623746862471,63.508675124222,9.36783080635121,16.3450181248732
-21.9379184634297,35.3623096156274,-21.8737549592633,35.2320831186753,59.2381901176299,77.1773036275893,132.743582146988,162.741596115948,44.2679127792753,18.5390895251519,7.8793888150534
-12.124392686635,64.4390646127961,-12.0202613183602,64.1833746922412,72.9728991579408,78.7441466387162,22.4631130972902,338.358935974894,67.9918040601728,167.846473761326,15.4497196130135
-47.7843262273379,56.890746907569,-47.6853123790792,57.0065316608046,256.234005671406,84.6574383282668,172.662009398465,346.920975013585,82.6940613364876,5.38642028949255,15.8141341934017
-10.6439076436041,64.9552614861359,-10.4944031837407,64.5904931391012,246.802604212299,78.5283588855795,5.38492987403512,155.728595081464,84.7229518039141,168.478863324789,9.45280858530817
-19.2675447425056,29.3852040557419,-19.1770130958844,29.4711441810678,329.301702202069,69.1836618654886,6.72749416573041,236.90128641521,83.7134806800217,159.051823006528,8.74512960836756
-33.8547136617454,64.2701963667197,-33.6465000520036,64.4063498260407,250.821764298522,77.5333334580666,23.090922897379,155.563268978223,67.4838267422676,166.4858759473,15.1253312964418
-16.0769069271103,44.3508022405487,-15.7844941184989,43.9074633713978,154.51762071881,82.2332206428873,14.9896439161039,62.4452902079727,75.1510451130658,171.96314265057,6.48569399881278
-12.6775259529688,27.1575289228647,-12.5578745756279,27.3423928838368,252.102043363044,87.9651761688166,168.534428496933,342.514665902175,78.5417563147115,2.07622103767105,15.3244830608366
-20.5944830905517,27.901835898096,-20.4808182721807,27.8123810879597,141.871843567884,74.75562397323,21.7494021473289,45.8835395396409,69.0526857835495,163.647630717424,11.6362991460904
-14.8754673743162,37.7082104943586,-14.828829928551,37.7968225686206,212.475907553478,67.9752274259546,171.38406294288,305.728027979691,82.0171042872776,22.2517558437656,8.14134486922549
-28.0289672369062,56.9779169408122,-27.9241518162715,57.0151714445899,124.355748163773,87.927791803661,145.066543013965,215.802517176724,55.0927097991931,2.5271079575698,14.3613071317182
-48.6126161926216,28.3634783722153,-48.6103672409356,28.0176886850856,346.250198235875,84.6864706360895,6.19860898034977,255.673941048783,83.8281310491237,174.655403279556,17.0148028118712
-17.7905916354752,28.4406291177543,-17.7656583056883,28.2786234525959,336.091982351533,82.5036396703415,6.52039001220871,245.237683187577,83.5355774948533,172.455394243996,9.90162899897321
-20.9129772022834,28.1438872558274,-20.7623491405854,27.8177465383005,314.75670272621,80.3711176719939,165.012838032622,47.3206123665331,75.2288221206302,9.96127485438932,4.80839367851428
-33.5790685577548,54.4572496792865,-33.3628949400023,54.6793352858427,258.206219156527,85.7821880096592,175.690400118745,348.523778478191,85.7020939480871,4.2297280858796,19.8092330986506
-35.9550553942473,42.7988878705615,-35.9047276377202,42.67855163786,63.9418936657859,43.2487771832552,170.302427161214,161.037204400697,83.3724477629132,47.1625715978918,8.77787416373097
-17.4133393601667,25.8771095940683,-17.3268152799646,25.5969810664961,81.7632617458365,85.3426629027424,175.069862084534,172.164555456956,85.0861808910416,4.67455566285948,32.7824958100544
-19.3899251926312,56.4276204555463,-19.2778976931687,56.5165174025744,225.201464121965,83.1197255147913,173.327331482108,316.004397785949,83.3755998042835,6.92674364762571,13.5145077337358
-23.8990769233113,54.1105740092034,-23.7690361214559,54.2705915690102,216.852946432434,78.8360447161725,164.682855250502,309.888495292179,74.9795981892718,11.5642347060427,16.2036655154016
-25.0675061620991,54.27914572013,-24.9746039483756,54.3555451857764,52.118213703014,65.4542922179618,13.0928937747244,316.599612226217,78.1085022146723,154.879106461413,18.134094628795
-14.8546784645852,34.3435274558778,-13.5331858783968,34.9073995774108,323.21185176784,87.5968813143998,6.65984838976311,232.931341857213,83.3460351046014,177.580574638212,13.3547787234635
-4.2304631518916,35.1586559928186,-3.923487329475,35.4702977185586,305.885070274409,77.1564869460598,169.722715274603,38.1931690011071,79.9825322228343,13.0458272099672,8.92893084692261
-28.519024780518,58.5325754923595,-28.4451314195568,58.6671335464912,229.819143426975,70.1905928344835,15.1179991046592,134.588045822549,75.7960317399692,159.538395154912,6.51344679914673
-21.7658566543597,51.9318337755778,-21.5099950704085,52.2168470827262,304.285329664907,69.4338050894026,15.0900366830218,208.874439773669,75.892345971483,158.763780397608,5.58799193383246
-40.8745653839662,71.8238974450566,-40.7844423834987,71.257410749455,78.7275893321786,78.0098196511342,10.0271126989443,346.623932146039,80.1938328703934,167.829338437964,12.022625047976
-12.7168799123578,65.6952778733905,-12.5902418029031,65.909402012472,218.075537235597,56.5338091345611,162.592025115592,317.884807999765,75.5476934510198,34.7129368884533,13.1381375763765
-19.5710333658183,61.3242993321782,-19.3575714202498,61.4939626600436,320.464768956972,61.2983887034047,6.93416798829713,227.122090713909,83.9212541036224,151.120852703918,4.06897748713353
-32.8556888798459,67.2273549664407,-32.7173390448788,67.3991519079635,310.72900035405,53.2555935994401,156.311528930198,55.4356016540955,71.2198313538673,39.1895237807346,12.3561797397509
-18.5033111256366,57.8948856061605,-18.3267736568767,58.0664139022208,304.447897232951,85.9849049882124,175.818045697218,34.7412332227446,85.8283279262383,4.02577856576095,21.7442806403291
-29.2744928117698,59.8040225081815,-29.0577416060274,59.8855843221151,145.783758742677,73.2014383779148,15.8567874291665,51.0908468108228,74.8365205113681,162.576449186377,41.4275887929942
-18.5365456588011,35.4343385609344,-18.4440572940814,35.3083891697239,335.24959840082,87.6314858002027,158.01165642636,66.2056186886375,68.0314198598774,2.55407784097818,6.94318380977545
-8.89987572247899,65.6217868102901,-8.73998542853118,65.3437743839533,72.1526020500749,88.2789714228471,5.86202702372881,341.975930897128,84.1406265679487,178.269929865068,16.4328387856104
-26.1372123019089,58.9371916041872,-26.0885559839709,58.6527267087195,253.604211902771,55.1469588824543,161.051221442659,354.704797909002,74.5454345056446,36.3639237125148,12.0285231534342
-17.8703922352981,29.0078563365056,-17.7610136662768,28.8264989859178,47.3301347353559,74.7716074607582,8.08307404482272,315.193767228594,82.2025495141564,164.62599549535,6.36519507978226
-33.4567955880824,54.4054843484652,-33.4368654130596,54.2067110115825,264.501913477617,82.5460216957281,3.46917000827344,174.051317272854,86.5601820390901,172.532491531427,8.61024975231066
-25.0245158326041,54.5964524620729,-24.8595905218102,54.7520724287997,62.6701248669222,80.3328135535507,47.4517043474717,322.302630641378,43.4273829059508,165.860858843024,15.0564362155262
-11.6519090218537,31.0985201902688,-11.4930275245298,30.9311856902754,301.928235698316,79.3251030912375,157.731341681703,36.2659579495817,68.136791695785,11.5130776590062,14.9773380212139
-31.1635706562965,61.3286877104477,-30.7007839356993,61.770215458448,241.073558971993,76.6431211737184,168.200373482995,333.8365168782,78.5239542775495,13.6345639140912,12.766995368867
-17.4044905628194,60.6349036270725,-17.2808176281702,60.8496799726356,30.2672096758933,84.2716933778037,177.09373053882,120.557534875804,87.1082557097495,5.7356346165063,7.64433874306253
-9.59312842015555,61.3961589835506,-9.26187495875019,61.8311200708184,35.9016843139549,86.028274205999,5.15356765684129,305.543765513071,84.8588427639522,176.012205322214,3.26341644757868
-47.4459553087591,29.2585065632053,-47.2048156232227,29.5828333373414,121.527517762704,85.0360407173896,174.048748174263,212.044320091771,84.071149553348,4.9907221740654,14.8547196419526
-21.2307804323118,44.6299155174899,-21.2098143299138,44.4887632127116,355.65281466973,33.1741225113495,163.727622862022,99.3824263291,81.18042439696,57.8897379943505,8.96171263059418
10.8831542534774,6.09675820787437,11.0082784688765,5.49653553687036,252.464760834087,80.5208230689524,122.825161302858,356.786517706111,34.0187654395956,17.1197221992042,5.68549789162189
-16.3066622380347,57.2686760102292,-16.2898746076859,57.3606402038159,195.718587732004,74.5542195990746,179.626353852141,285.818100862225,89.639849043942,15.4460931628453,9.31124825587356
-13.3033214428676,27.5121209647302,-13.1299593802568,27.2673027012385,226.302989685796,59.6686632920171,7.19925949701013,132.653055821872,83.7903675801263,149.470615447286,15.6954929496233
-34.3851160996219,60.5089685334573,-34.3556270085587,60.6208307048385,350.307283185073,81.5751146934984,34.0504212493518,254.6527569137,56.3663923346926,169.864841398228,10.2537509476047
-14.4972879016245,30.7394044423315,-14.3877334542914,30.924852787585,307.344007486406,88.141295265594,161.842953395913,37.9534449350978,71.852839589205,1.95603348463193,3.14111640854252
11.3314855261262,52.7941836117203,12.2422275862847,50.7734714993518,314.668817955095,60.4002943725824,169.956599338816,49.6683437959644,81.2782974518697,29.9812027651305,14.0391563183262
-33.1635310834809,61.6325106441506,-32.9248200475209,61.6108888326804,333.751464824223,82.542489000427,24.4589579197607,240.372821842078,65.7612954905907,171.816776394748,58.5630393266018
-33.4362589567271,56.0534823582727,-33.4197217545046,55.987928829384,266.321247211415,77.2426739238094,3.61856347650564,175.521176180844,86.4708786209939,167.218025627844,17.0099985375617
19.5597571156593,52.2952753385119,19.8335004243861,51.6720714068685,341.422567807074,78.3060904650176,173.793142797166,72.6853333757485,83.922460646137,11.7609478185701,10.4558113179942
-24.8040820054531,53.8387516427833,-24.7558573885257,53.9035677668089,55.5511462221071,86.348799567058,22.2557316195377,324.058323261451,67.7918525946401,176.055793183142,11.9814028090243
-26.6881831813019,56.4212343177539,-26.6278321601326,56.5287630678485,280.058389715786,18.9610248754721,171.420913440427,18.1783555684976,87.2217571455756,71.2362102206848,13.920582526843
-0.773965359226224,4.18548906065198,-0.172266158642655,4.88867561440734,311.387981540828,82.4430251376655,174.766216937947,42.078174403718,84.8117997659937,7.58824549718196,10.9449179851076
0.722811533308368,63.8426229394735,0.929999007866776,63.6806297572111,312.60442327762,65.8755874184442,30.4800546668989,209.078220505328,62.4232590414885,152.541582300855,12.5255284610318
-9.34614585234306,65.6884113233513,-9.10427038292354,66.0022852098176,317.795255226546,80.276169690176,8.64845534839617,226.323664772377,81.4767259806995,170.16650509264,13.227950074183
-9.13744322340172,60.5409182050377,-8.88032440360199,60.7121820551326,305.910024236054,68.7281208976626,167.799724663866,40.3951582593806,78.6424221022341,21.718103738436,7.90763752533379
4.37240878025131,10.5360199039779,4.53141578342725,10.7335307121752,12.1759646943667,72.0247744396895,177.450004882948,102.963378225666,87.5745463439629,17.9918947665773,6.52223516832737
-19.1391099514167,62.462926173165,-18.9510758523167,62.596283047347,225.082755947911,84.8637503113032,157.799696163562,317.17511547986,67.8935536580895,5.54502431356318,26.522326360351
-11.0708774061417,26.8446012406903,-11.0117190935701,26.7434612819124,123.173017348102,68.6387167515396,0.908149550094777,32.8422020675201,89.1542430583806,158.636275077999,14.2956625695557
-20.2511402712704,30.1506226939275,-20.052577154944,29.7320865157802,235.852292900887,77.8317276129104,177.400846498603,326.400511008679,87.4592810365235,12.1804295395453,8.94536983986433
-12.8399684125288,28.1194785948787,-12.8250461189247,28.2025894588772,346.323394590256,58.5522055241279,8.54853452849693,251.839227416156,82.7145199500092,148.266582041997,8.61214430152975
-12.5698907212195,16.5220799864472,-12.4689915593195,16.6386583123259,226.892230883169,87.2668550851609,19.8122719467841,135.90804703566,70.2112070372989,177.095182597269,15.8693459642936
-13.7845725112693,69.7456426961171,-13.6498885434373,69.3022435511462,202.102610277167,85.4343603413483,162.950111750118,293.501055388774,73.0058618752561,4.77457568782131,14.288634626034
-11.8217801279079,25.1656384717734,-11.7086954982908,25.3252866169033,285.244924832789,87.8757349753485,179.266112380368,15.2721292762805,89.2666167462217,2.12443913482366,29.2675474393268
-33.6262445711386,58.5399128554983,-33.5570078592426,58.6460205228725,253.371894296115,76.3371613256415,149.556626646784,351.275345119445,60.5049345808517,15.7463552086465,18.3114074947482
-11.9874397370707,47.8958812609217,-11.8280657827021,48.2666757604238,210.67705157065,83.9223009509531,176.81814302047,301.014280029345,86.8360457613186,6.08701255973111,11.7757661537995
-47.6414382846081,29.0696012156955,-47.6316483482643,28.9307797431774,314.465557851372,68.8612022848799,18.4273210324695,217.613964960778,72.8526050170704,157.827008663421,14.3979123280865
-18.0597439965406,58.2356669385291,-17.5234188106993,58.6154022318195,311.088196886887,88.887137194646,44.5203382917532,219.99401471315,45.4902885811393,178.439375865196,15.3593778488153
-13.0875123683108,32.721918398466,-12.7526808029874,32.5406136428214,160.074725321618,72.3376736760733,33.4696234364668,58.7323364993477,58.2982259422026,159.107515336015,6.93875776113202
-30.2037613122509,62.9536059422842,-30.1407159673931,62.9008909549257,236.307155926572,53.157518251671,151.242896724085,344.52135706042,67.3552636609821,40.5191980503524,32.2663479060424
-13.603572411008,25.2229242043463,-13.5894497705909,24.7582336775544,308.279693805785,81.2156253376725,41.6837930974782,210.535668763604,48.911916744779,168.309663325581,23.3521854225289
17.3980604334735,52.1510547504034,17.5864129772791,52.4632779162847,314.425553958819,68.8476540529515,7.44760483459169,221.724856110137,83.0567448010474,158.683784392057,1.82589113073623
-46.3126864000513,28.3833627943615,-46.2442831532727,28.2295650878088,243.126584391737,82.1477135202443,168.571153066109,334.708630939736,78.6797382888047,8.00909382895862,8.26281338080007
-11.0498807198627,64.2699658388589,-10.9631784435957,64.3512186631765,329.292559056594,68.464614775676,37.9549482328533,223.314738749702,55.102767788828,153.413051056545,13.6262687321467
-17.7332719449025,29.5102794749099,-17.6909816256603,29.3627176857945,335.141611290142,78.6373835474157,18.6021184023526,241.347774051286,71.7754435249702,168.02865868547,9.56261692961691
-14.9445665260231,47.6280268364381,-14.7404175017357,47.9862672463999,221.933274127341,77.2542747036612,133.603153188502,324.975968134478,45.0661145995251,18.1587546211142,5.0817838723186
-22.7773528654153,45.0831534178164,-22.5992006429427,45.1577312246643,159.644043281833,69.7803787305306,10.4296610804647,66.0039043684538,80.2196009648073,159.468831923912,3.61736737941173
-15.5934442455251,70.367942093622,-15.2075758583172,69.8746375167988,73.5170439753315,76.6360251895295,43.1453521572482,331.293552146394,48.2920633301303,161.964424367503,5.88111779746882
-21.3021813536244,30.0012906254206,-21.2049907184678,29.879751134159,269.034641608392,48.9589947435888,14.1886275031868,169.609130148315,79.3461277677526,138.078176994749,17.5720732616211
-20.6479203353698,46.3837454209994,-20.5361221399558,46.5084207630494,240.963569889088,87.3665678748475,151.368713451844,332.400422293852,61.4017413451801,2.99967590480581,13.8520381247546
-12.164265244805,32.1523195330715,-12.1387474644355,32.0601585477148,221.839706642276,74.1545991324595,148.39019510124,321.378646843859,59.7206996810296,18.4318261619454,11.822683500755
-35.7776383721938,45.7075222971891,-35.1123235776753,44.0436464203345,339.854200578343,64.0824565649258,31.7923174217644,234.695601416358,61.7152277758475,150.241958291371,13.9737133517423
15.4372875819118,50.5259167298195,15.647116084157,50.8132868709201,307.436759490573,80.463804889609,4.19982284541294,216.739757726861,85.8583159291534,170.438601861025,8.48940099696119
-12.1248375695015,63.2731789437421,-12.0352743533932,63.3837636641334,235.187513983982,89.5261931855331,142.421523105521,325.552101816538,52.4230305967214,0.597841245713326,18.2376489342452
-13.3396893999336,25.3707586562201,-13.2455989329559,25.2526053326908,228.47892724459,72.8257207364823,168.900868469285,321.794185006999,79.4016294778011,17.4818639625196,3.25057745944428
-16.4190225775668,59.6865732070114,-16.1129127424922,60.3324429991362,318.418800936747,83.4782562734387,25.199567360564,225.359494668286,64.9747763086101,172.799164459926,8.1791927829016
-25.5053552420728,57.125368354923,-25.4355990073523,57.1737104063686,32.0638032278231,39.1698972714289,174.420873834132,126.394624199079,86.4794520449136,50.9632619313221,9.1211623616174
-31.6079598067855,67.2466316699123,-31.5345319755126,67.3067004803826,59.3647630297111,87.5467441553626,29.6567547508569,327.968606796723,60.3731411793858,177.177496666699,14.087197210337
-18.0462569665603,49.9160198257719,-18.0016421352507,49.6783079133681,349.525695892419,89.4712185043247,5.09312718180001,259.478568014452,84.9070902908332,179.469122571593,6.34057699707286
-18.9316396143058,65.235057354362,-18.5174442857692,65.4358329054816,102.911101407795,87.1252041828742,159.093363331511,194.008665764776,69.1209049062603,3.077025741707,12.2747022834974
-7.81109970542061,59.0013749071932,-7.58437946069639,59.4445829021689,315.483230443402,58.4486437880616,8.47024963842151,221.027496872557,82.7891373037376,148.167747720318,5.86163441016937
-22.1982742836246,35.6584286134709,-22.1693534473931,35.4717317572418,150.596529585659,86.2808571202129,7.6599304476255,60.0966938721519,82.3562978438032,176.24746638814,7.63511147607626
-12.5186070370042,26.7653048445564,-12.488440666943,26.697479198243,334.92741488642,64.8489411517787,38.3297103308274,226.354670197394,55.8482744767851,149.098128009973,13.4659449321179
-48.5977038594632,33.7362509004865,-48.4767676444686,33.9382070502299,310.434973626687,71.4403188143206,8.16683129111715,217.819603583374,82.2605793780613,161.263379192396,8.43800451229642
-11.8242827145417,26.1500202664756,-11.7245650719047,26.2058823606033,292.330123658259,85.7449436724079,150.232678134909,24.7601012123492,60.3229639721119,4.89892176915641,8.21303817124678
-35.4996220768606,57.851871539024,-35.2258117731343,57.9914234317467,139.754629181493,75.4701778427066,18.2975415933988,45.0122327356225,72.3073614178357,164.731678395485,10.8715452108368
-33.6960716393823,57.5163713875448,-33.427997989112,57.4628506867768,248.855960407887,74.1133315017145,158.218488803689,345.098379388862,69.0903545343782,17.0396439042997,27.0599812183411
-27.6113111762922,56.5079648418119,-27.5914516422338,56.3405424998496,153.177332843309,68.5733488968888,20.3813657852073,55.4482460268854,71.0830639923297,157.283800340678,8.69564614502471
-36.4101175277661,56.0739467606023,-36.2877010390509,56.1612945331007,153.038737612633,89.487506852876,172.63039359979,243.105021509372,82.6306900463472,0.516761708762906,13.7880133467988
-31.0181433562026,68.2573015989847,-30.8891199033117,68.319669189553,210.906991655208,76.5094240292933,179.385333979071,301.05038948092,89.4022942807752,13.491323936118,21.2457968532444
-43.0903279475544,51.9143917438202,-42.8757071145744,52.2341605903278,152.860902443008,68.2626342806789,21.178594438773,54.6952034437947,70.391803886474,156.849250089597,13.3091734057338
-10.3059089043111,19.49299899438,-9.92097233146286,19.8089995852853,32.6233619024477,89.3441883340395,9.92813038762259,302.508575285601,80.0725265477584,179.334219005073,4.91783740727656
-41.5801150098076,50.2467903395374,-41.5019664352995,50.0601449301906,249.447187076888,68.9467147599063,162.553617092556,345.888446382519,73.7517508252202,21.9737292588256,1.24510169961398
-27.3602323859688,56.3627308375142,-27.2983578047049,56.3008623681062,188.261505412978,56.6355203355647,163.587647749133,287.463019563481,76.3505320326968,34.4680615580114,17.0934612155019
-21.5521642276809,34.6860224545845,-21.4637047552065,34.4691858416703,61.5593583334814,81.5794824479011,151.445149194159,156.11566255244,61.7807393855653,9.56636198210447,14.7370315443109
-12.4235939733525,32.3725364051741,-12.3634251654035,32.2801567987124,338.856322733794,75.2526596659959,12.9144297413143,245.515825559232,77.5179846344283,164.887244003046,4.9885487713024
-30.7299802565788,64.1586819487511,-30.5971271049608,64.0748217279092,251.305237808935,76.6293170354369,156.72562679249,346.985731819713,67.3919965867513,14.5070640220154,10.4442784549803
-10.4689599859665,64.5236856650384,-10.4033308980327,64.4391376699079,247.181568772483,56.7018844813377,5.762118627505,154.010725627614,85.1863281686139,146.568573834772,16.9099684116058
-27.3121284405011,56.4783624280719,-27.2471517548311,56.5261108374526,319.248960926835,57.403432388321,170.643362204381,54.3215679852341,82.1274179496372,32.9458384059936,18.1153587964743
-20.469694487872,46.5394334321869,-20.3091462448014,46.7509298929967,317.743948757439,89.4959652336362,174.460338274358,47.7928333082407,84.4605532960731,0.506399726861543,16.2608804757259
-10.3534575350275,69.4056118286769,-10.3057112057285,69.1525454609902,205.580409149325,75.6458940726246,171.105196097967,297.802328356441,81.3850202458064,14.5214858307671,11.3371550979201
-19.5153221129232,56.2581081339805,-19.4422491022418,56.3861438404978,227.903490327149,81.4695289306537,160.172492386672,320.965008225539,70.4008751064302,9.05938505091589,9.11219637661025
-27.270126360532,56.6059997185566,-27.199156343528,56.632227706908,306.020355786546,83.3495501555742,154.895148403638,39.1263027814691,65.075652235019,7.33703066172372,12.551242091185
-33.8388514934409,66.4299105931106,-33.6570924313165,66.6016808976596,168.56418087175,67.47558839548,20.3705220020069,70.4686910120132,71.2441443844245,156.136424888272,8.30340546276521
-30.4711634390792,63.1672222898981,-30.4127052238065,63.2017444159002,232.506389920213,39.7264434409571,3.05590949092436,140.155165204718,88.0474463826781,129.686370847875,16.6590754562147
-30.0093745599269,58.9462054274254,-29.9105024539348,58.7826940347478,141.994338015293,65.116667396341,162.818990525185,239.406763870709,74.456543225278,25.8963696958641,11.3420273857506
-11.5235050293035,63.4778984235227,-11.2531333966234,62.9728210603115,213.29606426429,52.5586761082654,150.494538771952,322.281191970323,66.9808649432212,41.3414504494769,5.08196155440728
-14.6149129166152,66.2804550850568,-14.5144872133533,66.5490567802438,209.175060012212,71.1794934417079,9.03372289841596,116.238921497781,81.4529951207905,160.960041823677,11.1692412589124
-33.4086668455243,62.2826772808549,-33.3900070939672,62.635676402194,246.834873175177,76.1746096007582,169.516890182906,339.366640660053,79.8238861339313,14.050849092926,12.7708977757052
-17.6691413051113,46.5890643770662,-17.6306846298409,46.4713418983766,161.780318349578,79.4153223099302,4.67723853929789,70.9193147505278,85.4025197215461,169.380759146628,9.99822055644223
-32.2625149244106,53.895519467162,-32.2387955233118,53.6158773891539,270.206891476385,78.3921921993197,177.675252903163,0.674903564993656,87.7228243169658,11.6171094629568,4.03381189747479
-28.4083382004221,59.0465752259633,-28.2170402927447,59.3044873330737,243.565363549756,70.1108938848927,169.243512939157,337.263191993189,79.8920689394527,20.2162467025841,8.92499564544196
-11.9200183195139,27.1963785867091,-11.7927883231254,26.9660820415062,348.908461649094,72.9883101346691,6.91176304890658,256.877294049972,83.3920399259358,162.871039942724,15.2016138422633
-50.279168877043,73.9105322758496,-50.1530258292265,73.7139044697336,238.45329594908,83.9177449523144,5.20468290552373,147.900323281612,84.8246954263168,173.89275383157,9.21988529567715
-25.6496667172536,54.9936605938043,-25.4710779621612,55.151930683915,249.094818116164,74.4251328827879,162.674363622481,343.882702761331,73.3295266174362,16.2767511297587,7.49843414768375
-24.662436315101,58.0388281656182,-24.5882990544642,57.9745573562292,272.693218623842,88.576713194513,68.507866835413,179.083693660378,21.5369824805699,176.120343433493,16.7943319231299
-23.4909877877617,35.4267557569602,-23.4101750231195,35.3337754580406,151.257855044084,84.0320089113863,23.1797452535803,58.7087692020756,66.9531545545533,173.512224059994,10.0155549872225
-31.971496048002,39.3532330913733,-31.5931631714485,39.5948168769242,137.658844788223,83.5519663974614,7.77144526624099,46.780772782402,82.278016767967,173.492704862666,19.5680558444374
-19.9521496039432,50.7150536413812,-19.517728380823,49.8145685989577,225.531714378869,85.313278494577,168.91741705021,316.448631449542,78.9549400958981,4.77537636032359,3.4632209788854
-32.9951706470377,70.4872841597111,-32.7384781819416,70.6724699461141,220.687172486139,84.323898118922,13.5857188044507,129.317979701798,76.4821606220595,174.161619716421,11.8151160847488
-26.5177875874744,57.8865247784406,-26.5013924452522,57.7509718449032,75.9468932342747,88.066295936832,70.5202247482539,340.497676869073,19.5718075143404,174.218833279792,44.7225670174692
-12.2417389454032,32.4298707310814,-12.1166935219711,32.2260670535869,343.617524073973,74.978075484108,0.977150134545468,253.364234949625,89.0562453670916,164.975989391723,8.62187237665434
-24.5978229024926,51.12760932005,-24.5192786637584,51.2338860841379,214.368035165059,75.6570426532621,176.331705961291,305.27793217617,86.4461949150202,14.3711854435742,2.31139440622856
-9.30922689274541,66.3069567131311,-9.15032842871623,66.3994454344272,213.073392686104,86.8248520829498,168.859651305236,303.698309559974,78.8769713516471,3.23599838431793,11.7056731278318
-53.5486529318644,19.8109539427827,-53.3614630580556,19.974335751679,132.606295039128,67.5292265536099,24.7768671836839,32.6011505592992,67.2154922178933,155.508314228144,6.91566324080296
-31.1806577418845,70.3268027200518,-30.7178867941028,70.3464920552242,312.549914900884,87.7203255855137,37.390450675565,220.808570192421,52.6441987200683,177.13162128428,24.5453739837141
-14.4959512721929,16.7034964693763,-14.3692659414044,16.8263846490602,48.7814590223409,86.9887712416549,2.60294380228342,318.644628162174,87.4006526587998,176.985666893306,17.6935629052389
-10.2336352517477,64.3967428775374,-10.0913022110041,64.1275805710163,229.973797405717,83.9018773778872,167.533231790165,321.319217058875,77.6049008044767,6.24423038454478,8.22453240399839
-19.3277787806377,61.060721498426,-19.2196846282118,60.8470402445137,314.26342488034,82.5457809824324,24.9734705231922,220.805656138245,65.2518443849532,171.786961837972,9.16676184210525
17.6849062536468,53.767822353727,17.8902863274588,54.2101446215855,325.325911069466,80.0818556998686,16.7484015804145,232.358729534313,73.5091146639792,169.651781718698,11.9930452243564
-11.6232144469963,25.047045821839,-11.6118369624332,25.246484343736,259.986179450276,51.0732160065746,178.507527362014,350.924068374793,88.8389834875688,38.9362870153955,12.7005429495937
-21.6937362980937,25.6298602146627,-21.2078312057643,25.8369751148189,231.896675138046,56.0317362065681,0.265907930524577,141.748102705691,89.7794702540139,146.031450280625,20.5033876304473
-22.2779337678724,27.7605537290229,-22.2538026248425,27.9155521341069,47.0869645151527,71.178888238227,178.075614984938,137.708008227526,88.1785466422021,18.8309842909254,6.60914044194028
-14.9588357550853,30.8143269741288,-14.9339016954196,30.9784861552469,313.532644321909,63.3912002750754,6.93231343480099,220.415524609826,83.8049668794061,153.22247711531,9.72280827996634
-30.2750725106863,66.0789748076573,-30.2122999886646,66.0185661669296,302.284910448847,81.035807558655,50.4006720957868,201.61793279642,40.4378920499252,166.100032728401,14.0196267544348
-9.16665707024961,65.1567169476265,-9.07989717039938,65.3056912304419,304.963491952577,68.7545009569392,11.037229867161,210.920494272161,79.7213619330473,158.390726528481,13.9725497257362
-35.8771342215476,57.151589876052,-35.8458458651708,57.3366201591538,354.202537677827,68.3988343026859,3.54991087474329,262.894213786432,86.6996894996411,158.361141675998,8.12646892052247
-7.31716173919902,59.8543596294946,-7.20470398052648,59.7875433081961,318.22556005857,73.2786320209999,20.8108038452777,221.984733253272,70.10727416897,162.183178902514,20.9823356841418
-13.7705133582076,64.5281525217022,-13.6509743478453,64.3873359700646,69.0957562914666,85.235238919308,11.4601203891274,338.131012069652,78.5800181275456,175.138772481977,12.5927795792072
-17.1848379151783,27.555641419298,-17.1480306201843,27.6053531404897,232.427564177544,47.7880101131808,161.419174596433,335.154884454611,76.3490256204662,43.74157759987,17.6536189160076
-14.929877026065,29.7860687001036,-14.8566488267531,29.8921032583512,332.010132337313,85.948360393816,178.053065049165,62.1477467659651,88.0579327444954,4.05397208334969,17.8631486683585
-9.93585880741448,65.8682698570794,-9.56294532393308,65.6152244833373,319.192490062693,60.6112445572921,24.8611384340061,216.382045804265,68.5113661887939,148.170613981955,18.0879006306597
-26.9940054536181,59.964898703238,-26.8812865865312,59.8788979544929,141.6263644707,76.6566481032259,15.0917185485619,48.0651512125114,75.324975513407,166.197930895185,6.96932251096204
-13.9861462400752,64.9680610356741,-13.8709205297306,64.7801323265806,220.06375635649,76.035484271535,167.868971453082,313.033109346681,78.2327090371531,14.2705796898291,13.2762032380159
-3.41514335288666,61.9870505915554,-3.069226486345,61.5490013394486,308.803367347638,39.7833936864693,9.53264314282143,211.450115807619,83.9168661847977,129.392140965685,16.6210367146756
-19.6368760488507,45.491494325484,-19.4796997179894,45.6129963190164,141.742951921809,85.944357637562,9.23486538581099,51.084127828922,80.7884618167592,175.89128256192,10.7397467938478
-24.9300464165512,54.4403252421147,-24.8530633934313,54.5143329123631,321.181369793545,63.992677552607,170.380085302092,55.4318425864524,81.3620967322084,26.3284774674087,6.40986475097711
-30.3954107640095,66.4095027243755,-30.317513062894,66.3438086005887,242.581313422948,59.6133185115785,161.579162050351,342.144286210143,74.181768847704,31.7182371684096,16.0314540315871
-21.0178081101,26.3374752762155,-20.7735650258444,26.6031047509312,220.594601129772,48.4769820845504,167.286503081789,319.100697052499,80.5162087931308,42.2298983568815,22.6951200122372
-11.8599137170935,25.3990206191096,-11.8232468348624,25.423325784381,196.049536852469,78.6131640515653,179.989531901949,286.051603591198,89.9897379501136,11.386836133518,5.5283980285013
-6.26982244400546,35.3807201882615,-5.09370381374018,34.0210541029889,209.584233885575,66.4098978062142,162.622139109656,306.722923067405,74.1146924913105,24.5873597223601,8.28647123853535
17.8016310032424,50.8899721347167,17.9431119855436,50.7174785392471,311.189167475141,74.8042660084187,0.191177651310369,221.139056327053,89.815506705063,164.804185329008,3.04700669002458
-47.9424003560629,70.2328402659702,-47.8704813007823,69.9479930587839,157.204951531767,85.6590120617025,179.024743812842,247.278777778923,89.0275418573605,4.34161446497397,8.26260777350581
-5.44284170116677,19.4473110291664,-5.41990944069675,19.5680295706894,48.8495138890495,61.8098036241928,18.9121514631464,309.655882108407,73.4009446356366,150.465851872241,11.4224015820547
-43.736636479163,50.0076652408661,-43.7179210864383,49.884329429497,265.1600733795,76.8211777173879,0.874069445310766,174.96077875615,89.148952428251,166.819697569145,4.10759665500932
-15.5918018622188,27.2993953079404,-15.5771544300008,27.3403386340714,288.275458427333,81.4215886064396,179.113882223974,18.4076445203547,89.1237963068198,8.57942215083193,10.8855223930679
-4.28131142881943,35.8391093373135,-4.13747451266757,35.6856788227131,302.775059797809,79.3393806309839,2.12844992007265,212.381140275052,87.9083032212652,169.332189394799,8.04281252244785
-34.4196935684737,56.7144197482322,-34.3140977763885,56.8453970129892,337.973237472737,67.4159218857164,7.87592782868063,244.932238734645,82.7314211877692,157.222726092036,18.5222588665081
-24.740128505369,37.7300348586144,-23.673565498659,38.7492095585437,339.772888525935,39.7662939868143,15.8217586355382,237.484435471561,79.9562643582122,128.682341466501,16.7346457312558
-13.4148479326252,29.4429126849233,-13.3790440825387,29.5249831263116,234.99979255981,21.300621127179,174.562775073061,330.067590390277,88.0274399801815,68.7866806251325,9.00532542559674
-18.7281703690547,61.9374650035678,-18.5634243560213,62.037246287418,345.431769197208,83.1327911855601,32.6985077956241,251.042505740675,57.5649744217799,171.855565471418,19.0598722500458
-14.7425252766724,29.2046903181952,-14.7036787844868,29.1456385311605,324.929903398093,79.4677389468482,176.015403547736,55.6593813592391,86.0826411664363,10.5572086080387,10.5190416001709
-34.1043895483816,57.1192216932249,-34.044677642337,57.2190437210556,263.057593488846,61.2315320111059,10.8778913353892,167.773586389384,80.4781593536829,150.791140791498,27.1440919021973
-19.4082650439453,47.0220833146251,-19.3717389828797,47.1592377241533,259.095449397184,69.773172866782,161.831381005897,355.568713177632,72.9871990693504,21.1960102300923,6.9356220277224
-19.0839439547061,29.7162794455921,-18.9375901668516,29.7065050490183,49.8358989480097,79.4638469105331,8.19565111929478,318.327319042178,81.9434558511606,169.357602559044,28.4505444125604
-35.5553492892872,70.4648909271667,-35.3425227965248,70.4226434353062,71.0050824873824,82.5438489529691,152.756780144657,164.827628244861,63.0059461044936,8.37397415203387,36.0386166206698
-16.9519353970249,23.4076381481234,-16.8032412025232,24.1058388675265,223.242884962176,81.892334819915,178.733841765656,313.421484411271,88.7464993017683,8.1096189334612,6.02152712375725
17.0091947375158,53.6830301134242,17.0424071583562,53.5009368264698,319.233931016626,74.3806193953547,26.1664436346298,221.698061212211,64.8686050242053,162.698584517276,10.4550907380425
-14.9983261560571,30.0193178558741,-14.9309970148973,30.1366731413193,295.317115617787,75.7065155087953,177.860341155036,25.8456041746633,87.9266062246799,14.3030479551745,15.8607740060635
-47.1123592976175,70.1722878583893,-46.875633175545,71.6662000700268,27.0646846742789,81.2748515298268,2.93215539822174,296.619512555948,87.1018064046261,171.263589996717,14.1392770191488
-33.3201820959334,71.5223332870091,-32.7440945083148,72.1036917244364,40.1917637637335,87.6271201887105,2.35304420385668,310.094286601191,87.6489745723475,177.625120010815,8.78004027860667
-13.9326507533568,27.0641874918425,-13.7907618280573,27.2453632455547,224.606643560441,60.517397380547,170.912600332554,319.107692874179,82.0974642417793,29.7936590759154,11.3428349299063
-41.2063227608248,71.5005094652046,-41.1701763420566,71.374832289448,244.80694336902,86.5519986536197,159.992259596469,336.061482582659,70.0300209427711,3.66888013937218,12.8633356832993
-0.356618881181701,59.6412867393666,-0.270248019281351,59.8205031122901,292.374877018615,77.7652946581104,167.341053369223,25.0999839896178,77.6331725108823,12.530003549724,15.1544990188565
-30.3625422220707,59.1022686420802,-29.2301678449988,58.3035598268453,165.0540579379,80.0383915972314,13.7288507281369,72.6340474208901,76.4820869215911,169.751538825024,22.7054087199808
-34.5368902423716,52.7191662735934,-31.0758229427318,70.2777171688257,353.565020746332,68.2607106091928,10.6258057157279,259.590034352768,80.1377671831735,157.917622750061,9.343889170804
1.51431008286491,51.4901812613313,1.71423238165009,50.9123234950695,324.024917119569,89.4927507749915,163.97227336001,54.1706319652714,73.9729183836559,0.527763240282287,10.3518569255695
-8.81286433594258,65.8878742721132,-7.22078230848943,68.0808737055692,304.625541638498,78.447931841277,0.444190585940703,214.536587045502,89.5648075032871,168.447594010414,5.38176790107258
-17.5560524915875,66.7302078420841,-17.3099178944499,67.3763060755953,188.914726144756,62.6942935546682,144.629561416624,296.952673368707,59.0453806013871,32.338806901108,7.24481961601872
-16.3168094676325,59.2477999229115,-16.0800144973133,59.9486694732411,305.72846814001,88.6926559784814,46.2599545914985,214.362700956543,43.7556284897719,178.109459165021,13.9371180863438
-19.4744863782182,61.258116713249,-19.008091311897,61.6908959090459,211.265708153538,33.8634777301926,3.33020062164314,118.499450504115,88.1450798313852,123.818687065409,15.5322540185265
-32.7799943235702,68.7707128668092,-32.10593707034,69.5681945424634,214.756511389449,74.9789259970421,174.699861808164,306.133837320722,84.8814564940162,15.082639917869,8.45324083458635
-11.9884581167348,68.5682447281989,-10.1135893107259,69.6468749649864,236.398071960878,87.2753490721295,144.730894441492,328.323576122196,54.7766902162216,3.33593968240318,11.7695877664902
-25.885130334018,55.1844954363983,-25.6025144676901,57.8445214402075,251.120255235963,72.5616965295865,173.167814981197,343.176591796403,83.4832152353078,17.5553854245289,10.1202953756197
-20.1961113741915,63.2277227179529,-19.7169208642516,66.739908748576,219.149502452465,86.2166545550647,131.672817713927,313.389051999173,41.8129050651619,5.6799069424011,9.61601900462871
-10.150572733368,20.3828719752785,-9.48646061606,21.3300589634404,306.864117775378,88.1172441668248,176.223223782674,36.9883812326274,86.2252656337252,1.88685065012872,19.0529352434611
-3.65047029582554,57.2577354342965,-3.27699720697026,57.6716226722011,220.845923974306,79.6863855193856,176.714595927083,311.434754364579,86.7677366153495,10.3302280653203,1.85969693767959
-17.161319730373,68.131800841318,-17.0604620397711,66.9715911326506,207.797037845523,80.8229038436445,145.14618301008,304.134810235192,55.6553490592535,11.1374185575215,18.6945196480862
-11.6329628456255,30.6636412711981,-10.6109588536182,31.5251189335319,332.936838587921,66.1152923211167,13.3172797207344,237.462180210183,77.8414813589261,155.531785489142,15.6839403821633
-24.7863296084227,36.8515444179229,-22.3985548706052,38.2625620958301,347.679693028522,72.411443224069,171.279597642909,80.3334583338727,81.6902225166347,17.7813708448301,17.7253301517089
-25.9109159910213,58.7706590061565,-25.3830273897089,59.8201042956458,259.184616948215,57.1137286032597,179.927495755854,349.223984828378,89.9391145664869,32.8862923139072,20.1662963392325
-14.9313365562863,66.5100280996319,-14.8587095047167,69.7402890946097,215.09976549937,86.9105131796645,171.150754616939,305.580518388484,81.1637193450509,3.12663207108279,20.040085976263
-29.8013113906416,64.4761417828657,-29.1447905078519,65.019556164802,251.657444609873,78.5501570626463,144.496491057873,349.717742048798,55.3058785524769,13.9713640928631,21.7963547883175
18.5686430177319,54.8759296326996,19.1219300643106,53.2225493175802,249.572300077294,74.4765364526064,176.24872996172,340.577597455806,86.3857580416006,15.5551821699804,16.0294216274433
-18.7228906430676,61.4665132252006,-17.8875484629069,62.1461779395149,219.254217494799,72.5559503169441,169.85470223612,312.324763219979,80.3258799230717,17.7039525756537,12.7152465590137
-49.3163122716697,32.5710524427821,-48.5099531193461,33.7220004709623,303.015905538843,65.5860948033938,10.642645004429,208.574647005784,80.3186120362463,155.209788007568,8.88680640278793
-20.4320295802353,28.7693032942335,-19.9994548276269,27.8291568412534,141.827965894796,85.2903047681469,7.20605411510186,51.2331791555195,82.8184055203593,175.252979535394,17.3470493706987
-16.2499640628733,67.8755389587586,-16.1056530642595,68.1919749679379,203.391887664091,70.9755212738901,154.089821764544,302.390248019695,65.600626215769,20.9737622149987,6.13860256760081
-19.0712052557518,56.8934881297099,-18.8242484183041,57.6889672332625,295.91026102411,86.0482817855915,7.84641318204848,205.366129404436,82.1723589141601,176.011054470427,9.26757512778951
-18.4427595292541,65.2531435327213,-17.6127563347826,64.1892326022618,211.986875618039,64.553259485852,158.956936311628,311.373340478237,71.0808005265374,27.0141024442222,10.4139754174592
-19.0891034991766,60.3297217987398,-17.9952217192579,61.0736145539585,321.340064247018,65.2743156856573,24.3973144081095,220.597913888802,67.9637853184112,153.176815717222,11.1145549791697
-23.1809674672937,29.4555455414294,-23.0210715608323,29.0565583872214,137.486272870733,86.7150266467237,2.46782931656594,47.344773607696,87.5362281281387,176.711983876267,10.9170768668133
-16.588720310936,27.2442700776039,-16.3519007033717,27.7648464545123,305.201475355362,76.2737732585664,171.911393205448,37.1328838409854,82.1438794717472,13.8588597866869,11.4831628284212
-49.5395938877002,26.9588373108592,-48.9289677230516,27.5393464507134,127.632958017465,88.5968151485718,170.486773051569,217.868078821521,80.489652276765,1.42274328928622,9.83381912538619
-53.4796503458277,62.4101996134399,-49.2329924955202,58.6728589735353,139.323147938386,78.6448789391478,19.2872565912329,45.381666657182,71.1047496469188,167.988752865336,20.4117316612305
-14.826356154441,23.840469094941,-11.5989616732657,25.1350467562823,201.444403551448,80.732296190323,168.514028262776,293.318706374909,78.6659591581684,9.4537109882736,16.9886310487411
-13.9605487864606,50.540644442901,-13.7820319255356,49.7910036238697,162.724152341138,89.0418362271087,157.0182596436,253.130482651875,67.0216572907933,1.04075297049976,4.44486227695806
-45.0526417740313,42.64422687524,-45.0032944105032,42.4919036341137,183.437315653821,73.9967244773475,36.7195641523784,81.8169379847553,54.9194227134424,160.312476211046,18.7323927944316
-3.73121917486435,17.4894289522748,-3.38669337910897,17.748817383525,324.629516165519,71.8424043644595,8.50112357785588,231.962610629606,81.9251083296226,161.654130771224,4.38472930900747
-23.7594995639418,53.2768932310399,-23.5980358881371,54.5186507525048,221.751349277794,74.6720091284293,161.627829142152,316.768656042977,72.303409344311,16.1095294393794,12.3537837649303
-8.55649606316262,68.6114412192181,-7.6052122036416,70.4634639970411,232.112408467445,75.2345093744668,169.264527460217,324.878810569721,79.6230417182138,15.0167404922618,9.02002461815758
-7.56857873956651,58.9425820078398,-6.98830074292743,60.6636590201417,316.477600374851,72.8492983180926,6.68815689537334,224.497138631259,83.6105174015957,162.738744680679,18.6027163208911
-17.0331699029732,28.3508587501924,-16.9725197567682,28.1187266799742,173.43450239076,79.4182016192454,30.6525587991636,77.223370490375,59.9231945447411,167.747953295373,21.3279235159289
-32.4428969618293,65.7460268414791,-32.2630111109462,65.943851415608,331.962223876015,89.9567177657449,172.36599820891,61.9680251033982,82.3660004000841,0.0436692802243883,13.2470082691248
-48.9886921942672,27.7198681177986,-44.2662828530943,30.5211428710517,307.389079406058,89.7688196401784,178.316431240658,37.3958743049251,88.3164449489044,0.231280196225714,23.9864153898158
17.772240430474,52.4675068903659,18.5761213587371,53.78180879822,242.850954048221,60.5586442676446,179.740957633105,332.978282438622,89.77441074356,29.4416063962445,7.39872151497746
-35.3363463722913,66.9192937878137,-34.9482691584452,67.3613492586311,47.0120730181259,75.094002327383,17.2025590034555,312.458659085109,73.3934180373751,164.429121445776,14.0352379788259
-29.4387061056486,55.7130075682178,-29.3778092692525,56.3029058713927,312.943281053468,83.0830831713241,27.2544691149077,219.393350153567,62.9601390197495,172.229256669987,16.1030734313786
-15.7053746806726,27.9301078995466,-15.6185259686526,27.6012681046352,327.743190559612,89.5550778819623,2.39998518922019,237.724543101087,87.6000872132201,179.554687287584,10.196266594147
-38.6068024537512,44.7241507335367,-33.0558291371999,41.8621895237542,228.078128903352,84.7541520073039,167.169007048129,319.271099770617,77.2236598081827,5.37941647373047,20.9528378012867
-12.9167234673875,32.1241173080588,-12.8351343837499,31.7618431551317,167.229823410453,85.5367548844866,13.1807666116121,76.1857316687656,76.8599215869705,175.416499310985,8.52591556173334
-19.6049405377282,23.3874356959322,-18.8847074874059,22.4361727092238,57.7867342183217,89.9752926229943,11.5150327399974,327.781700694642,78.4849683452934,179.974785106838,16.4414545241966
-47.4544393187392,27.3113119436661,-47.4033602037578,27.4984517573412,114.175149379697,60.9422960677499,8.05652532587055,20.2423671115351,82.9630478956161,150.700389208323,8.49528683522165
-19.7829987087698,44.4204680405515,-19.7316468472867,44.1561560266344,74.0836023763915,87.0167922816778,2.65929867282517,343.945104568054,87.3443077123267,177.01358197887,8.47322095083757
-27.1293121551518,59.7281558603149,-26.1077164510437,60.0893671631478,150.895992650385,84.2429928882827,176.965050092013,241.200709870372,86.9803718203323,5.76503866234116,16.9189719119519
-16.3232904789996,26.8263692087098,-16.318871798621,26.6245391300051,341.099863468994,67.0399295905733,39.9476424345573,233.006768665703,53.7564263468233,151.074272222854,39.5229536240921
-43.0326316596786,51.8472168316063,-42.928974757828,51.199806084957,335.994419671017,86.2288289326068,12.8911761131781,245.132005609606,77.1372164402443,176.131613401768,9.64829132402478
16.5155419808949,52.5622708857134,16.638136393411,52.9344387679617,297.878640124939,78.9816681342448,5.33388841573336,206.85636434972,84.7647131951744,168.934930177129,13.0556341051837
-25.1778843695026,54.6848926327853,-24.766883644114,55.1654680412104,150.555551194725,78.9100079987905,30.7375214537463,54.0304257904636,59.8966280094958,167.153534112555,10.1685355823411
-25.1439642163257,54.4424695660656,-24.8738581308174,54.3766270170361,232.112833423257,84.6386235650771,155.381087627802,324.564523052918,65.495895678682,5.89385980460631,89.8297839519224
-10.8490007484429,24.9225897424128,-10.1416654907068,26.6779832089157,142.067567604271,75.7690809711019,7.61146082878025,50.18602965312,82.6234334614743,165.647782884268,18.6207997808811
-30.3350897507963,57.0305322105734,-30.0431208914633,57.3629057573522,132.037920246791,83.7196747704775,5.31253524832232,41.4551150536471,84.7194383702868,173.692798921029,16.9626569978336
-2.75267983429617,61.2392371491767,-2.41583016970114,60.818919790091,304.432329552386,59.0078035065797,175.554450297813,36.7248184192584,86.190123896967,31.0684541409402,13.6030073919817
-32.2432329735259,58.8247809997536,-31.7658869182513,59.1808828342781,227.058978648209,68.1088954075542,173.39393566662,319.531444920105,83.8721679731485,22.0234674262779,5.19368348850153
-19.8196271714933,59.4942942229287,-19.1976894266786,60.3313767366516,306.02941716639,64.628830971363,20.2639736419265,207.040087317193,71.7634322890838,153.183141044538,11.0780465311714
-15.1882312628487,26.1142715210295,-15.1412254920883,26.3835775263724,229.783878911339,50.4184091091315,159.471651476893,333.203194475629,74.3197680085656,41.4377122513539,14.4597958198166
9.96578471529079,53.9147204276226,10.3906011523206,52.6772880717316,332.704783026638,83.9942350176884,10.1318431972277,241.633638335193,79.9243487857807,173.899806667536,5.55541653157077
18.7575214008756,50.5123200339535,19.7152204728643,49.4216831412958,256.214286183089,72.8315639710959,4.82019678446875,164.788380260147,85.3950603392162,162.774229153431,12.2023299170135
-23.4257820645395,25.8766828842796,-23.1129070829177,26.5311829521679,220.609712351373,72.9057871472436,143.432239379619,322.910267173552,55.2878808736403,20.9519916848141,8.83062306056323
-7.102977575299,60.6405594554986,-6.71738177839575,61.6267954833009,309.990362993954,68.7698211035469,3.04582761520194,218.886517776803,87.1610584822595,158.742467516332,12.5847243832811
-29.5708123465603,69.3547250530752,-28.5167865303883,72.2496319059422,216.069045213183,72.5888879678061,11.4681951925108,122.595154665947,79.0638887056114,162.256244043819,9.87443611109045
-17.4503832048849,69.1925305692533,-17.3650788914999,69.4034601601656,207.878128514809,79.2746122736568,6.11855710219558,116.735256169388,83.9887289234246,169.214602167011,8.54893368146384
-15.6396956191751,37.9154937152709,-15.606836133344,37.6124131503268,356.746613043378,88.4583070568982,171.348017865455,86.9811734661772,81.3511737913933,1.55943016641122,5.43736590430936
-14.8126408959389,37.8773021406857,-14.6880110017799,37.5119500578409,322.164495178022,83.4441509399719,23.5370316489737,229.317463631228,66.6260600517053,172.855118232248,6.86545749425844
-15.8848835089713,64.2200108573592,-15.5967282625818,63.9514832179366,355.996603986558,22.4671064950811,9.21693681599112,257.46854279557,86.4906983378535,112.205374841711,5.62924664278952
-58.5114036560869,8.87053911826108,-49.7115829473489,2.06831931065185,340.611778407729,74.3746056079445,172.235284978996,72.7151313215424,82.5239151737505,15.7628299466996,20.3609732283308
-9.67403806348419,30.8566649191078,-9.46507131004718,30.4629475230065,334.844910510804,68.0765221225672,176.998652058929,65.9664004993964,87.2158771987973,21.9507318920363,14.7936377513675
-33.1060338254232,70.2207892595098,-32.9631005564808,70.4465637179947,209.026839818815,88.8975180354633,164.64637496388,299.329532616791,74.6492872588726,1.14327516543851,7.57604003307667
-18.9495795771433,27.1462622829764,-18.3769531146606,25.9201334038335,336.725645180718,71.9608213824625,37.5025780004611,233.357932752047,54.6287771900358,157.680888933973,8.60979983292712
-15.5956961043643,27.5546860932619,-15.5499515951812,27.3480588176176,199.631257101426,79.7551658622754,170.685682468035,291.302128765602,80.8354732832059,10.3787581350079,19.0328540817944
-37.3918290705267,54.8627521187463,-37.2693080830587,54.5713398237499,247.342655325893,82.0025384959905,176.348307079128,337.851388203541,86.3838700550712,8.01352086461373,1.74041960286414
-37.3025821378486,55.0999925294826,-35.9965060044238,56.1080703921463,335.909573852523,88.040168399334,165.489604464291,66.416688004747,75.4982784168043,2.02435282554069,11.6294871139485
-41.6349442454018,50.4157655231627,-41.5924361938337,50.2634455262539,80.2805148125873,88.812144786587,31.3917439838425,349.555770389605,58.6157690804989,178.608533424907,8.29189157796573
-11.2684030762204,47.4430077723311,-11.2127054790978,47.7652938809316,187.137968338521,75.978574523019,2.60221384625154,96.5070833363645,87.4753696030104,165.964672754808,6.19075594088683
-9.31941917430749,27.8717336061044,-8.92541367046715,28.2254746736469,234.698501468191,87.0348556709357,140.100067545113,327.17509095317,50.1641754756981,3.8626544099604,10.6716884665302
-52.6136598250698,23.1843480067334,-51.3495859730197,23.783560968367,223.928779974829,75.1804775001345,177.870474155181,314.473694327591,87.9413411009926,14.8293131157355,15.3396538121494
-17.0513062750085,31.256828923183,-16.7753999968484,30.9121737352867,174.720828731093,66.5875564450962,26.465535538802,73.5315065522757,65.8600063183399,154.187619063003,10.1116939479878
-18.1632912595012,26.3066543341545,-16.6092818197955,25.4746674252336,73.9717561641569,83.6849556210494,59.300233519482,333.47641666169,31.2803614538664,167.769524503966,13.0964858139257
-45.8775201587678,27.793735410763,-45.8543089789387,27.4536894722767,337.231139643654,85.23026950367,26.694007193551,244.837003693593,63.4057178008044,174.664368139084,11.3005050060345
-32.6030841201131,64.4095942457104,-32.264215076516,64.6020147742547,231.804574422689,84.7211479014698,5.15980632054271,141.328579910275,84.8621368140936,174.699791626561,11.1515553501602
-7.99139791761915,30.3100674541914,-7.71336457729241,33.8558908986556,48.5144193401838,83.3936060190781,6.99039868021978,317.706227193423,83.0562474021956,173.344572233931,9.84807380310868
-10.9138249439444,29.5972963723694,-10.575258999301,28.1980082036313,161.287837606202,74.5296140136055,35.4697765208577,60.5270073816114,55.9961075471123,161.230504245609,10.0928716016035
-20.7162134388688,28.2608141115378,-20.5934752051675,27.9397053687517,238.961400402988,78.8451882132183,8.36904070776211,147.33114678035,81.7901686641463,168.728181740666,4.31515195412494
-20.8018429383476,54.7558870100621,-20.5087913591894,54.4788983626249,130.500660386967,89.2320319181356,7.93619651901884,40.3936047918861,82.0645209555972,179.224606429706,29.5793656061091
-8.28268447119283,64.0412856944698,-6.88158892672602,64.199575299056,216.147156348523,74.1904244760344,150.762218604866,314.817846311292,61.9683730685135,17.9778446615234,19.9420015554832
-21.1829865854022,37.5385318832328,-21.139873846858,37.3373671401148,161.953417044325,83.9707768431384,11.7265443414313,70.7044179448469,78.3392349244245,173.843233959948,13.4006108845464
-37.4459566681764,46.6103564683413,-36.5043823471729,45.8351705796911,205.3202623241,80.6918708228911,175.708270985554,296.015690053307,85.7648849699847,9.33384306290883,24.1068868898903
-16.673916941383,27.518957547863,-16.6389308937066,27.9574769946602,224.376302672785,76.8694029042999,159.303986905959,319.281570191674,69.8688757656263,14.0018322033965,13.5601650076209
-17.5561934035491,60.4647014722273,-17.4415184984613,60.6076388386469,34.3272183786892,81.0473312693096,4.33401252948181,303.651507877889,85.7188868323497,171.022074843181,4.89697981791367
5.86091863034322,12.0870940039236,5.90729006949403,12.1606433712249,27.4161028238289,76.4995968464752,179.569205567421,117.516674526251,89.5811093746257,13.5007707961518,1.96242046505847
-28.8850875615154,65.1642117156843,-28.8362766010928,65.59194685724,249.420672801788,89.0195115624332,149.91235307657,339.988713336122,59.9172136032514,1.13313552872277,10.1475051734691
-4.49611203742708,20.831416760947,-4.31766912062124,21.0911726401169,140.439764766555,86.4210318978631,168.827153350107,231.146161670807,78.8492232685137,3.64792544934599,12.5334137132125
-26.3233733227781,66.5459928444186,-25.9341581472937,65.5126289621647,254.767608171302,62.6471884895054,173.70430988964,347.669493470085,84.4105894400794,27.4944987916918,6.81692275539241
16.6381183418334,53.0565686400319,16.954574102822,53.448211270106,308.834801778442,81.3211001016952,3.55794581903973,218.297243815333,86.4828459022045,171.304595552835,12.7003272181113
-38.7054042905079,46.9276838471503,-37.520943548122,45.9615006215741,53.6344531868634,80.0214805949008,10.4571793934676,321.80267691595,79.7027477871836,169.856417868563,11.113724897088
-25.3556314570179,55.1070042841043,-25.269267403993,54.7906865640362,255.998948492905,86.9016911996436,142.199977096552,348.399668097047,52.2649126966131,3.91884581145948,16.5867495431662
-1.27212895210053,14.4380272078356,-1.02182403589733,14.2010538152265,227.074524323069,75.2515779145788,15.7340489268003,132.972228905537,74.7970918529429,164.703879052607,10.9784339860044
-23.276982945314,45.641328955868,-22.8993683459365,45.8509989809855,140.721169327788,83.6823433616495,178.829036339903,230.850040610218,88.8361484759074,6.31896556773834,30.4683613270861
-27.1648299478722,70.1467173480056,-27.0514459628024,70.5067745494195,288.46065815111,64.8976761835589,142.449235865829,36.5231230247378,56.502459522231,30.5793814705824,10.3393989081347
-6.81691078529336,16.9704066783418,-5.11572209932992,19.9224038450117,314.765258321107,86.9336972954376,12.763324693172,224.071040689493,77.2552562184946,176.856166321043,8.48320659579205
-16.2875798761145,68.204263311422,-16.1211644435913,68.5195097300623,296.937889016652,86.0299647643506,48.2486200334484,202.502495439848,41.9051828226,174.050009282146,14.5646723817469
-42.3458245634126,50.7243019433059,-42.1616186055168,51.0608130152873,145.219567126945,79.6841112286767,13.3204215639284,52.7917405172263,76.8987638096769,169.405281223797,8.34515895182895
-23.7743856816801,49.5127829389913,-23.7310051473195,49.5323730618085,44.0641501735348,78.3477756301106,179.543283942454,134.156395313002,89.5526963399005,11.652584447083,10.3132324130518
-17.9369553324489,47.5921448687941,-16.1738981529945,47.2914503771557,158.191951897668,76.2602863384538,32.3971275991268,59.6212553894006,58.6373675547768,163.850046404718,29.3063321927639
-17.510751473964,27.3356687769997,-17.0422563453079,27.6533266848904,343.079238588654,80.6271921076228,5.65047143153129,252.156100610001,84.425205418624,170.582245694006,6.43122351151556
-37.3454722451323,67.5660976093607,-37.3087453583587,67.1612462738697,234.762449468789,87.313122135789,159.391296917467,325.772371384218,69.4149819470532,2.87027997693526,10.2346177380126
9.58665369421203,57.5623332644376,9.90985964608768,57.7449949960396,320.371313496013,63.6001341937926,7.06774334433513,227.215917676638,83.672520976934,153.425679330003,18.7389644910896
-45.3873809268887,28.1067066092379,-44.9881688308914,28.5203016756191,132.902969768546,83.7129567067498,3.94387937794903,42.4704021754301,86.0798773119754,173.698152929725,4.51038799700945
-24.3211159581478,47.066049944303,-23.7089061820601,47.7005516732195,52.1189203217613,79.1829656452947,0.180845876247531,322.084980262356,89.8223674944895,169.182913033542,16.0623607791524
-42.9929219841238,50.290596786875,-42.5193589785219,50.6593088765284,128.986002220913,77.3780864837689,34.0329167395785,30.5912284319302,56.8971438765018,164.879166333031,16.2177692054099
-45.8621512565907,46.6201594970291,-45.7503479193363,46.1457006186596,340.959457902892,74.5238233916834,7.55984667587947,248.931265144693,82.7157770391116,164.394710232068,9.81298458610782
-15.1141965173911,67.4895624394775,-15.0295581992822,67.7008715986107,330.357074722711,31.0683469603152,15.5389069635859,226.960551646518,82.0534785395847,120.133611530743,9.65894052052426
-35.7775405592897,59.6518560217194,-35.1318169322548,59.6512180851709,337.482785027168,59.9103358265664,164.078164098464,75.6221005846708,76.2693340590751,31.0712604446159,45.9845182160355
-21.8514379124224,26.9373573505977,-20.9821992057826,27.0020998634974,132.906288489293,84.1988757330793,22.5277239245955,40.5056097147525,67.5939305822536,173.723329550705,62.5079968684866
-35.0858237431823,55.1089814014886,-35.0383864666898,54.9521363154263,349.888809987516,67.9724303235698,15.6268927578791,253.90002268043,75.5397269883293,157.21198876194,5.83080505206192
-2.84139330450183,59.874343789638,-2.61166054675775,60.3245490327859,198.079054384374,56.7885178803333,151.819937465592,304.433137146117,66.7274676710233,36.6013460308962,1.26466431492597
-21.2725873981799,33.9298430060344,-21.2231192094512,33.7200442616912,153.4642295922,82.5231583267956,179.009264578236,243.593162118084,89.0176890978426,7.47794694642627,9.13896067699822
-52.1862188715358,23.9895706987483,-52.1536857864626,24.6667707831413,116.63011523221,75.6261121653898,179.031495738996,206.870566390792,89.0618161633714,14.3758565028437,11.2018189835486
-55.8134251846715,19.2177499415324,-55.202531942155,19.2642789485803,309.615577180528,85.5069889480279,28.3296678839086,217.197257018882,61.7652145178619,174.89868382937,24.6849733677639
-9.77795454151249,64.7532701378334,-9.69480447989927,64.4765928741423,229.094331025937,56.3201061024922,177.591127609838,320.43072233813,87.9956414802767,33.7032725997192,12.2755934430708
-3.94562431907497,35.7717544456446,-3.23967996196172,36.6496402308471,310.073376709486,67.8258975469128,174.396656660655,42.1940024443621,84.8122548272368,22.2701831964496,6.70804756377871
-18.4470880857659,35.2821318276995,-18.3859763357385,35.1977411987043,334.825945705903,70.7453578580313,17.2849120853916,238.967002651796,73.7097698507423,159.906082967676,6.69855748628881
-3.05342057659582,19.5075438136268,-1.16986770092865,17.847100598902,118.868708916407,59.9713432037166,2.39105188808733,27.6716265545912,87.9300370824109,149.949716167718,13.3454292159658
-18.8013187068957,44.1105639791358,-18.7447378321333,43.9924257316166,271.85011627475,65.4056281483583,160.592458531213,10.1917118476565,72.413856520983,25.8869153880985,5.81629906508284
-22.1049417397215,35.9557875688272,-21.8687155315891,35.3462188411602,334.519795301763,84.10818531058,10.97301692691,243.379584611825,79.0856615440188,173.999252137943,12.8455565315935
-15.3122220617479,37.787988055652,-15.2829523433275,37.6170297942548,350.43772598825,62.337500438225,13.3640931131316,254.143699571904,78.1869739305445,151.685704400138,11.3308385866549
17.2362625185074,53.3808180161886,17.6299821817353,53.7197763316985,49.2064471827119,86.6692729617387,14.9541813150534,318.317408047509,75.0716673623542,176.55279205187,3.38484327347097
-17.5066410594996,28.6470814624161,-17.4323649164329,28.803999010067,134.385524570986,85.0105184939684,31.7494444593264,41.3048795644758,58.3848083756268,174.138149375434,11.0441686442345
-35.1750910379593,56.1425010584043,-35.1069945448972,55.8868546052844,260.462912834715,72.0594860568232,174.368256028599,352.202729059177,84.6429106831808,18.021914894654,3.96471313082131
-42.0342441347383,30.8068892907314,-39.3049794300778,27.5038616898428,161.789806372668,73.46445364635,18.7679932370145,66.2658071602176,72.0353073691661,162.590622706325,15.78510130141
-46.8715386255103,57.380754615373,-46.5303424487638,57.5334561663483,143.051546383109,76.3274415357357,42.6518390017319,40.7670975361698,48.8264681308912,161.698021567079,7.58263820266308
10.6846721883781,50.2326384610453,13.7371983953555,49.803755332783,323.461937554037,56.7695005592471,1.69303001816331,232.533953623262,88.5838884831134,146.75803178817,35.8844347295496
-15.4905550512547,31.5047302915505,-15.4084930121707,31.2004825718249,169.210449670152,71.671224821513,37.8068845781627,65.4988686518473,54.4155009745019,157.25203441704,13.8306996720508
-7.59649151304841,68.5712178008952,-7.30705116901124,68.2911776958969,308.054167230254,81.7495057290422,16.9706720925485,215.546649652491,73.2102083626189,171.379398209615,6.38760627527942
-15.7401393955807,31.5428229198173,-15.4845285835305,31.7463593215002,314.69326301812,89.2370870263181,16.6094309986265,224.465699960081,73.3920840658697,179.20387306898,8.34463474592179
-36.3501731290853,66.2976579057998,-36.2160080957832,66.3812629247372,335.97867347537,69.1915920102382,172.501347941641,68.6558898202663,82.9929985858182,20.972347460777,3.27379293721247
-19.8586633378872,29.0088672101912,-19.5572914335752,29.2828443009602,220.180183142146,67.0604788683899,160.055325968221,318.230399888434,71.6913182150982,24.2388717123303,10.1207301204713
17.779756038527,50.4064229809539,17.8882113146689,50.2851779013151,225.874913366719,89.1485153521541,175.873337876781,315.936344541004,85.8737943560366,0.853697614420162,9.30948568215169
-15.9026724369248,38.0772065942494,-15.7710270402032,37.9621158126565,165.121312801586,79.0695518260684,34.3913695382844,67.7261378048709,56.3171498043707,166.828154447955,14.2306936509507
-0.268155562429301,59.8381510028737,-0.126001669296063,60.1936702697417,296.023440201157,77.7131902752308,175.035963032088,27.0823448586592,85.1499419102054,12.331655645824,3.24417082344939
-8.34951463404932,61.4716779962701,-7.81370878430531,62.728209551434,219.610637904976,82.114903867442,160.936424472659,312.324859399384,71.1235214166227,8.33637597911252,11.7958478407262
-45.5132954560047,35.5467119659865,-43.8783660221417,46.5367290200675,229.264159150933,66.0153097611738,149.263029920227,332.852631094842,62.162438284469,27.3671153446532,9.016562726054
-53.908007562681,23.2465975574332,-44.3848338896557,28.5636799072009,317.340173687226,86.9351832544615,5.41002410936244,227.050063081763,84.597736931816,176.921496214289,14.9710287638051
-21.6405787168563,35.3125658941567,-21.3592303591783,33.9410633846307,330.853332016253,87.5491499628429,19.3082067996621,239.994988469358,70.7101543386822,177.403277039627,8.7357935253637
-22.376637322837,36.9106580108437,-21.9952502931081,36.2942476574043,324.794273974892,72.6925923565844,21.2633747913151,228.190498694929,69.7427728195376,161.511612040599,3.98494205342313
-40.3997662482236,45.3674427232279,-36.6997845261341,45.5732537402449,320.504385019661,60.7142426309906,7.60846150015928,226.765869534957,83.3686600894848,150.497578696049,36.3550368435906
-12.9748666290725,16.0258999790065,-12.6198003410649,16.4975421070522,318.297852957043,89.7619330133441,178.648993798116,48.3034674835021,88.6490054624601,0.238133183031641,7.7667118398203
-23.96329363824,47.0297579708826,-23.1818038299618,47.5109615647681,147.965479194414,85.206173166047,10.2668469573257,57.0982373400741,79.7694551365065,175.12853940841,23.1760422832588
-21.4829058856714,22.9850312438603,-20.7745824475341,21.1153929222686,52.746133700473,81.0591972006946,1.12777853442168,322.570839129853,88.8859263449511,171.057492909644,9.15198514221084
2.86591262941866,11.7796391226939,2.98544932862486,11.9178637736021,213.956918025627,87.6497847004272,18.7623603917954,123.158837438189,71.2540104000674,177.518047682097,4.53170271677046
-17.5380930001743,27.3108965294934,-17.4768438501752,27.047931662194,339.870588806293,85.1833014345547,178.616435653313,69.986786727805,88.6213227533443,4.81809663714323,12.1837070227123
-25.8209475843472,54.5742636164655,-24.70712437542,54.5354730662957,148.565698789732,83.6638881085025,35.7649407562454,54.020695550275,54.4867541539559,172.207756582514,85.5833857432948
-17.3924372258021,27.8070632149214,-17.3484394529609,28.089819195353,143.911957042122,84.5945678642465,1.83913958191667,53.7386461271519,88.1690417935601,174.591798443062,15.5649268235372
4.58691363970103,63.2713307242558,4.70491032458388,63.0456637004663,328.400216730841,87.4514618023879,169.830384569516,58.8572155654555,79.8405500409839,2.58916147145164,8.62327710923736
-7.00172038059274,13.566819300964,-6.87892703412121,13.1007672571135,347.989991287016,79.9900579130974,0.00803558549952754,257.988594549081,89.9920867353467,169.990057816644,12.5299865080612
-25.3335703310636,27.3807650010306,-25.2306699408057,27.701425437178,141.034096505025,68.5681213972026,18.0360578838856,44.2490418201071,73.2493952815007,157.568036361044,6.63606682765925
19.2023752241684,53.0849274636181,19.5358393614925,52.4075687235198,335.068021306486,61.217026767801,12.6062741803577,238.921987860098,78.9721997209065,150.623161908555,12.0990538594355
-42.4843593377145,53.1704409810887,-42.2913008176686,52.7758190813735,309.497629548538,87.7785113266504,0.889859423315215,219.463133533712,89.1108094052678,177.778243644207,15.4706961945193
-34.0200703354349,59.011532520242,-33.9615402515757,59.1887137292661,345.4923688277,75.5517896127904,17.6802484728739,250.945071085834,72.8964504532198,164.867638915477,16.2665288491723
16.7543332498371,55.4670701418151,16.8447912920789,55.1619179326426,235.450734520964,67.110521631978,168.541356356292,329.958689951731,79.4544350800843,23.3057218922534,8.10477949880641
-29.3646130303025,59.6458480942035,-29.2817100759968,59.7301970159747,50.3900507415896,69.5815686492466,166.960979432696,145.009178528456,77.7932949521766,20.9126116958764,15.1249930112607
-48.389285244819,34.1124687400028,-48.3110436110571,34.0357896786816,316.26681375501,72.2425065158816,20.942939867081,219.609040718764,70.0982527205462,161.073171085281,20.0933356940658
-31.3219296985351,61.1241163062179,-31.2025846000102,61.2615501135318,202.576322620869,88.6940902991432,176.610376994262,292.653663860076,86.6112584297132,1.30819753027709,4.0698546557982
-59.3924289547138,17.5708923579496,-59.3713646958449,17.6438772200161,200.204697687217,53.4678812414587,157.595254156267,303.9932460437,72.1659879816429,38.7057822728827,7.62075638314019
-27.6622675489839,56.5446332032489,-27.634274025563,56.5498553652613,1.5019348536635,31.1802295667614,4.58655042889791,267.5756978016,87.6272540150308,121.098889012195,33.1814724703635
-48.8254405263508,61.3048371270476,-48.5499163488748,64.3868809580221,45.3280417887482,88.9291583092358,136.296736983126,136.351308631315,46.306299797583,1.48109926609584,9.62070415561726
-21.1467295980988,44.9602707477666,-21.0064800644107,45.1182863723906,336.914520080669,85.3367642334757,172.454925531896,67.5314737159928,82.4800462060647,4.70378132694809,18.2956558954027
-18.1829788587854,65.6630138727436,-17.9571177012653,65.2336941419977,318.637932980452,53.7765982317236,159.72530228052,60.9522454890204,73.7669232763996,37.9862673006062,15.0778723888624
-48.9686999776321,33.580774113107,-48.9088849909302,33.885065216627,162.739605662587,65.6570526038767,30.4699159660703,59.10789476656,62.483554703388,152.304443529946,9.03777853643989
-13.8631347238591,31.0210786894835,-13.8439429769164,30.9266783430818,342.212678733401,64.4056280719053,26.7547171170334,239.926143403967,66.046266584354,151.789649274757,22.7932009389526
-30.6806492740896,69.6228748929432,-29.8066136365129,70.1208437038536,82.9270284923858,87.142703108202,29.3177049563902,351.323510868046,60.7222890422334,176.723831154609,22.3013103641661
-12.777576156289,62.906187051727,-12.6896870396833,62.6567939381171,80.0230340509435,70.0436158935255,16.8784927811437,344.110765043986,74.16257493104,159.220536260689,15.0899695426028
-28.409809620179,65.789762456008,-28.1688104925947,65.9074696851584,49.8116011820852,84.3171815468264,178.706125770945,139.939743929229,88.7124858365901,5.68425828534821,13.4897440731382
-10.4729189011756,19.3983202569438,-10.4195945978219,19.7441653784425,208.621413448014,82.0865663094995,5.82548965121268,117.816656540843,84.2301744635361,172.046010869292,11.5408070312211
-10.01705826938,64.7393887595525,-9.97750744504292,64.3907619634829,244.299911350462,51.4973407113011,178.935567977738,334.962621219326,89.1670161449309,38.5074767683072,10.3767588982695
20.4123433871289,50.4362739988314,20.4266662522256,51.2711972133582,332.690832324214,74.5722623214541,20.5671933422145,236.990586627524,70.2055409372961,163.576898089548,10.6529539279241
-46.0741129857879,30.1854630507798,-45.7411697969893,30.2240015886922,310.512791467239,57.0619448017477,32.2695747627523,201.563953169518,63.3792293340724,142.540038881355,67.775952904669
-17.5521674189327,69.3523505881578,-17.4784857465486,69.5893242198555,204.939626657714,55.5371242014003,173.592862851196,298.575547257148,84.7208969878647,34.630553286344,10.663370809706
-27.1772062351917,56.5730970119224,-27.1744014938513,56.6362964526503,244.996179196346,72.3187821456841,135.464512960961,351.634194712522,48.070180203903,24.0947391587151,19.3268196761187
-11.1044985109865,26.3017973352508,-10.8509718639624,26.6711405899925,198.158897577374,83.7993979742879,152.906846738933,291.321566805682,63.0781908266766,6.95779094219085,13.2778991160648
-11.1207722723104,65.4833012952854,-11.0074384960457,65.7141836267412,228.164114532376,45.6783599444186,3.55699629606698,135.677257785285,87.4560205791239,135.62313297072,12.2159460019718
-24.8665643807398,54.0753336089486,-24.7764064732084,54.1593647670911,135.063981074482,85.8246065247932,5.13368177415643,44.6892001944914,84.8799802803104,175.807849878038,4.78001620382707
-27.3856847342535,56.5971361003183,-27.3360871579454,56.652865334344,140.822077603805,71.4602536138809,32.9499038490177,39.1769100534407,58.9571726622933,158.215763019018,19.7779964733372
-25.1389184094072,58.4376811932945,-25.1114140702178,58.5738685562843,154.028266649247,75.719268354001,21.1016961826978,58.5905731794188,69.579998778987,164.739181126779,22.1799733422047
-7.79489472255433,40.5512001691726,-7.75278232314817,40.3659079530397,224.81577663071,72.0250954172942,163.637391195668,319.993052205427,74.4567725129877,18.6819623627408,8.91441538615756
-14.2590691851692,27.4212227112684,-13.8642640961949,27.2750344471727,43.0401628698159,66.026348689323,162.976540038633,140.131630422083,74.4840118647374,24.940977684057,38.1954420733294
-16.0214687919878,69.728128235973,-15.6866140927261,69.4339492496805,201.536837364801,71.3474286774998,155.020470659507,300.011533050241,66.4147219798984,20.4249826802364,14.3284801470746
-32.2299992374107,53.6011560940724,-32.1096720102736,53.1101075758361,347.886771463735,79.6037623530732,178.198129706308,78.2120309142466,88.2277199464037,10.4012685441037,10.4410409883698
-12.6709989176287,27.3686745904433,-12.5157878626385,27.468829365562,173.829350472532,78.6719800091231,1.94583489210606,83.4469971922667,88.0920866276954,168.665613335476,17.4509111788813
-43.515395958048,69.5676922882358,-43.4923042174922,69.7595093924142,250.044344965452,52.061273454684,162.01589233812,351.331031568992,75.9065595063026,39.3383601214091,7.87476846731803
17.0946767022396,53.6319295855519,17.5943494955177,54.0619963064707,222.818691528637,79.0252134980503,151.503628071711,318.719299442792,62.0709785717037,12.4433096419312,23.5141606526751
-10.416876198691,26.7572671702476,-10.1928595686325,27.0188921146751,147.034425583246,86.9892586326443,21.1428462946435,55.870785514889,68.8877348935122,176.772404108308,3.81553237571053
-31.5911245666529,55.7520213522064,-31.4820941543587,55.8563119080857,328.018682463754,87.3570741819475,1.49737025383135,237.949620933609,88.5042228556068,177.356172662333,21.3832704421521
-25.1319916663624,27.092759425743,-25.0037103895154,27.312703435124,142.001428400569,65.6406215466259,39.5531936629964,33.1901047750971,54.5421036700302,149.577741323457,9.88917947487896
-17.9935676742711,27.9949458275619,-17.9613111918233,28.0474954789575,51.7922052210515,81.7693037095515,12.537490075984,319.96875732376,77.5937182883415,171.571096206353,13.1685560850671
-13.265941209574,28.8209482723898,-13.2304277926692,28.8674047857784,208.751692373585,76.9810355015449,161.27263546826,303.118940961754,71.7711910133071,13.7199412314881,19.9294903549816
-18.6772424464233,61.1159415284661,-18.2170181601827,61.495067837922,136.215561923643,89.7715307092881,138.747125321702,226.41594304588,48.7475248366456,0.303892412100436,1.26385669937693
-15.292028402499,37.5602977631623,-15.2721926938056,37.3949162156903,264.171272640066,69.1740749376309,151.48577115566,5.10340539256306,63.5006590514701,23.4074352661439,5.30037117092276
1.04727027299238,62.1460845614369,2.04542091040993,61.1201109736082,36.4111768708893,84.8013220613813,15.1807675189757,305.002819402852,74.8831725502546,174.614438119037,9.85714891119784
-14.3133314517113,63.8196255128131,-14.1859029526534,63.5865379964942,234.393398148167,42.1291665463994,14.893949721673,133.235058902128,80.0716034339197,131.156912103037,9.54810808529058
-23.5465969820772,55.3870479694456,-23.2318264442969,55.7267191287992,140.717861051549,70.9970198366028,177.112639816942,231.658747674099,87.2701188338307,19.0253993747001,20.4538212365263
-26.6554089293699,59.1012638505888,-26.6197902814475,59.038092420119,338.907967782692,81.9447629452366,30.3112258395295,244.224705856228,60.0187111502629,170.690057735943,15.8082497285198
-16.8747303505045,30.1489345458345,-16.8408307391302,30.0276554272529,156.808365618117,83.1908636207269,28.2365306132236,63.1652660683052,61.9802736621819,172.28158344135,6.83186500755176
-9.64771772240341,57.6609135923346,-4.8806963305379,61.6074556743207,226.259027922911,65.0506843134827,158.901227103635,325.503148779963,70.9505394359935,26.5036310147524,21.6565133666955
16.2709018780925,52.0711495140079,18.0191961710711,53.7384892709494,309.804141044078,80.6551488183477,32.3835465180816,213.924449500567,58.0974227585726,168.973227272065,11.0203305037128
-49.8273186095463,74.3471624911805,-49.2648012141725,68.1085692171725,161.580253067604,75.6285600562869,15.043547860676,67.7637568993561,75.4377965376994,165.140757616113,9.05799867346677
-12.1336301495261,21.0287514545764,-11.9885564036414,21.1470508728489,315.278040346687,62.6674269161165,157.04874009856,56.2812690750566,69.7319424944262,29.3051616160545,11.9846583311612
-12.6265535485887,32.2368091880031,-12.5843928806929,32.1784331810242,170.771146678894,77.1175202888128,24.7606863622776,74.8999029745194,65.9027318270282,165.863291487841,16.9625194120355
-30.6028355821997,71.1831517908527,-30.4340690381583,71.4140836512412,306.667231089314,60.4123990380806,146.996003427853,54.4480880571759,61.7272137342948,34.099808857828,19.588436235488
-31.5416625491697,56.8172273969343,-28.9643841058257,54.4698151338224,330.323382854479,79.6543757052024,19.3837272865948,236.70796918059,70.9436791747288,169.047340332949,9.49206637364244
-11.261485728222,25.2938946135882,-11.1825789047325,24.608167278829,136.391620567224,83.7490106768529,174.000827165339,227.047203747066,84.0366252453787,6.28513724670961,14.4088628975357
-23.6601810459124,48.7871737554073,-23.6320171213554,49.813013834557,42.525464987449,65.3362597692806,11.6977823710864,307.587362416948,79.3824125520687,154.877119624395,15.1348611127615
-20.8830022116769,59.9638226016425,-18.8614256793399,61.2392260707172,220.67030073656,64.6114055556578,162.748245853255,318.254423402429,74.4589801914131,26.4249989941798,18.5557254048693
-18.56579447021,35.6187596708946,-18.4073362251098,35.3020697574914,167.063941307673,75.6608138521831,32.4944619463435,68.0997276181239,58.6354178630702,163.139336989603,13.7023549698026
-14.8551235047071,26.3972763302466,-14.7746764282826,25.7628143045343,126.55876204334,67.2696624856713,29.8378599690024,24.0623267848175,62.683556368333,154.221635577105,10.9500654192468
-37.640399480246,73.2524273298113,-37.5612600515513,72.8541421802659,320.963706041408,85.4589118042517,166.526179876477,52.0504614822287,76.5692701802981,4.66905186678782,11.71218929931
-36.206039394011,66.3703981933272,-35.339362376908,67.7713291550106,141.596420283614,88.4497943284069,172.295195970847,231.806122146423,82.2980330141261,1.56432150293717,18.317449124188
-22.7565225430963,43.6997434911151,-22.1456697562621,46.3530314131766,50.5580926606247,81.6914756230753,159.833647057898,143.595962980359,70.0543477491977,8.84281872771807,10.4665424303172
-10.6470509413999,19.5935858978461,-10.4021641923309,20.6319746709536,219.937158826109,87.3057389571511,165.007645005667,310.658394620215,75.024605952182,2.78905721770999,12.20168747413
4.15540920575771,64.8266281075231,7.29492273218774,61.9311050706464,45.7619649540329,82.9401651347765,158.216653108248,138.573923864675,68.3901484017433,7.59659908374235,14.4774234087152
-37.631856537712,55.0864191237954,-37.6279260291901,54.439659179735,349.805941013618,84.0371851379894,173.696280960102,80.4634164309655,83.7305242272521,5.99882265519996,26.3815743786185
-4.52801536260384,16.4746362039465,-4.10562283941376,17.2212170489207,128.13150130088,80.789701574403,159.314445072403,221.589965276103,69.593103369948,9.83297214440681,16.6932542047143
6.36447094095677,57.3332149597593,9.98593999721337,53.8074187879837,327.025362300873,45.5986935210759,8.5442386949627,231.024458599171,83.9066319371214,135.279004906951,22.752307223567
-17.8602497733161,36.8311049589005,-17.3099279501341,35.7691002287441,235.237639429874,60.6889860585876,148.911215192876,341.683439173942,63.2397563438063,33.2484578144382,13.9535505455811
-15.3573139091925,64.2200670824331,-14.213424926886,63.2684004441071,219.664474773003,75.2230151568214,163.061824463853,314.106178345565,73.6380776846752,15.4158509598568,9.38976834998618
-25.0314911569682,54.0312576535749,-24.9139327940472,54.3053655033365,263.51521338774,88.6283868490256,124.701678863351,355.494972871712,34.7253792478867,2.40832336664344,9.63641640202003
-30.4778085607633,38.2146638120904,-28.1015965402447,36.4384676852041,331.031746046535,73.287157663443,174.570012664451,62.5975776539357,84.8000317713521,16.7839503153734,14.5903543576933
-33.2145348826968,67.1374651525649,-33.028731546303,66.9230888640946,308.992599762252,57.1801414217063,176.138105583219,41.0879855816405,86.755268591087,32.8792132059739,7.6505800943219
-17.1523029984596,30.9524829491673,-16.6893866343397,30.6273620103728,335.142485470073,85.7256124340591,0.194081300491007,245.128019961955,89.8064585288082,175.725588002256,9.18457843953747
-25.6299682020769,36.3950770044057,-25.5985722418361,36.5411544536045,204.957549128056,75.5410326056772,171.775175336362,297.024503890929,82.0374011027451,14.6028405705221,11.53657743001
